2.6 3.9 93.4 0.0 0.0 0.0 0.0
2.6 9.2 88.2 0.0 0.0 0.0 0.0
2.6 6.5 90.9 0.0 0.0 0.0 0.0
4.6 13.8 69.2 0.0 0.0 12.3 0.0
2.9 20.3 63.8 0.0 0.0 13.0 0.0
4.5 14.9 68.7 0.0 0.0 11.9 0.0
3.1 21.9 65.6 0.0 0.0 9.4 0.0
1.5 19.1 66.2 0.0 0.0 13.2 0.0
1.5 18.2 69.7 0.0 0.0 10.6 0.0
2.9 20.3 65.2 0.0 0.0 11.6 0.0
4.3 15.7 65.7 0.0 0.0 14.3 0.0
5.8 20.3 60.9 0.0 0.0 13.0 0.0
3.0 19.4 67.2 0.0 0.0 10.4 0.0
1.5 19.4 67.2 0.0 0.0 11.9 0.0
1.5 16.4 70.1 0.0 0.0 11.9 0.0
1.6 17.2 70.3 0.0 0.0 10.9 0.0
4.2 20.8 58.3 0.0 0.0 16.7 0.0
1.4 21.1 63.4 0.0 0.0 14.1 0.0
1.4 21.7 65.2 0.0 0.0 11.6 0.0
2.9 20.0 64.3 0.0 0.0 12.9 0.0
1.5 18.2 68.2 0.0 0.0 12.1 0.0
2.9 21.7 63.8 0.0 0.0 11.6 0.0
1.6 17.2 70.3 0.0 0.0 10.9 0.0
1.5 16.7 71.2 0.0 0.0 10.6 0.0
3.0 16.4 68.7 0.0 0.0 11.9 0.0
2.9 17.1 65.7 0.0 0.0 14.3 0.0
3.0 15.2 68.2 0.0 0.0 13.6 0.0
1.5 17.9 68.7 0.0 0.0 11.9 0.0
1.4 21.7 65.2 0.0 0.0 11.6 0.0
3.0 18.2 66.7 0.0 0.0 12.1 0.0
3.0 18.2 68.2 0.0 0.0 10.6 0.0
1.5 21.2 66.7 0.0 0.0 10.6 0.0
3.0 16.7 68.2 0.0 0.0 12.1 0.0
2.9 20.3 63.8 0.0 0.0 13.0 0.0
1.4 19.4 65.3 0.0 0.0 13.9 0.0
1.5 21.2 66.7 0.0 0.0 10.6 0.0
7.0 18.3 60.6 0.0 0.0 14.1 0.0
1.5 18.2 68.2 0.0 0.0 12.1 0.0
2.9 18.6 65.7 0.0 0.0 12.9 0.0
2.9 20.0 65.7 0.0 0.0 11.4 0.0
8.7 23.2 58.0 0.0 0.0 10.1 0.0
2.9 20.3 65.2 0.0 0.0 11.6 0.0
3.0 18.2 68.2 0.0 0.0 10.6 0.0
2.9 17.6 64.7 0.0 0.0 14.7 0.0
1.5 18.5 69.2 0.0 0.0 10.8 0.0
1.5 16.4 71.6 0.0 0.0 10.4 0.0
1.4 20.3 65.2 0.0 0.0 13.0 0.0
1.6 18.8 70.3 0.0 0.0 9.4 0.0
3.0 19.4 68.7 0.0 0.0 9.0 0.0
0.0 20.0 69.2 0.0 0.0 10.8 0.0
3.0 16.7 66.7 0.0 0.0 13.6 0.0
2.9 19.1 66.2 0.0 0.0 11.8 0.0
1.5 17.6 66.2 0.0 0.0 14.7 0.0
2.7 6.8 90.5 0.0 0.0 0.0 0.0
0.0 7.8 92.2 0.0 0.0 0.0 0.0
2.6 3.9 93.4 0.0 0.0 0.0 0.0
1.3 5.2 93.5 0.0 0.0 0.0 0.0
3.9 5.2 90.9 0.0 0.0 0.0 0.0
2.6 3.9 93.4 0.0 0.0 0.0 0.0
2.7 2.7 94.7 0.0 0.0 0.0 0.0
