5.4 16.2 78.4 0.0 0.0 0.0 0.0
2.6 3.9 93.4 0.0 0.0 0.0 0.0
2.7 4.1 93.2 0.0 0.0 0.0 0.0
7.1 14.3 61.4 0.0 0.0 17.1 0.0
3.2 17.5 68.3 0.0 0.0 11.1 0.0
18.8 20.3 46.9 0.0 0.0 14.1 0.0
4.7 17.2 68.8 0.0 0.0 9.4 0.0
7.5 14.9 64.2 0.0 0.0 13.4 0.0
3.1 16.9 67.7 0.0 0.0 12.3 0.0
6.1 16.7 65.2 0.0 0.0 12.1 0.0
1.4 18.3 62.0 0.0 0.0 18.3 0.0
1.5 19.7 66.7 0.0 0.0 12.1 0.0
3.0 19.4 64.2 0.0 0.0 13.4 0.0
1.5 18.5 67.7 0.0 0.0 12.3 0.0
1.5 19.1 67.6 0.0 0.0 11.8 0.0
1.4 18.8 63.8 0.0 0.0 15.9 0.0
1.6 17.5 68.3 0.0 0.0 12.7 0.0
4.5 17.9 64.2 0.0 0.0 13.4 0.0
3.0 19.4 64.2 0.0 0.0 13.4 0.0
3.0 16.7 69.7 0.0 0.0 10.6 0.0
3.1 18.5 66.2 0.0 0.0 12.3 0.0
1.6 17.2 67.2 0.0 0.0 14.1 0.0
5.7 34.3 42.9 0.0 0.0 17.1 0.0
2.9 17.6 64.7 0.0 0.0 14.7 0.0
1.5 16.7 66.7 0.0 0.0 15.2 0.0
3.2 17.5 66.7 0.0 0.0 12.7 0.0
3.2 12.7 69.8 0.0 0.0 14.3 0.0
1.6 19.0 68.3 0.0 0.0 11.1 0.0
4.2 16.7 61.1 0.0 0.0 18.1 0.0
0.0 18.5 69.2 0.0 0.0 12.3 0.0
1.4 20.0 60.0 0.0 0.0 18.6 0.0
4.5 18.2 65.2 0.0 0.0 12.1 0.0
4.7 17.2 65.6 0.0 0.0 12.5 0.0
1.5 19.1 64.7 0.0 0.0 14.7 0.0
3.2 15.9 69.8 0.0 0.0 11.1 0.0
3.2 17.5 65.1 0.0 0.0 14.3 0.0
1.6 14.5 71.0 0.0 0.0 12.9 0.0
1.5 20.6 61.8 0.0 0.0 16.2 0.0
0.0 17.5 69.8 0.0 0.0 12.7 0.0
3.1 17.2 68.8 0.0 0.0 10.9 0.0
3.0 17.9 64.2 0.0 0.0 14.9 0.0
1.5 20.0 67.7 0.0 0.0 10.8 0.0
3.4 16.9 67.8 0.0 0.0 11.9 0.0
3.1 17.2 67.2 0.0 0.0 12.5 0.0
1.6 19.0 68.3 0.0 0.0 11.1 0.0
3.1 15.4 66.2 0.0 0.0 15.4 0.0
0.0 19.4 65.7 0.0 0.0 14.9 0.0
3.0 17.9 62.7 0.0 0.0 16.4 0.0
1.6 15.6 67.2 0.0 0.0 15.6 0.0
3.0 16.4 67.2 0.0 0.0 13.4 0.0
12.9 18.6 54.3 0.0 0.0 14.3 0.0
1.6 16.1 71.0 0.0 0.0 11.3 0.0
2.9 22.1 61.8 0.0 0.0 13.2 0.0
0.0 5.3 94.7 0.0 0.0 0.0 0.0
2.7 2.7 94.7 0.0 0.0 0.0 0.0
1.4 6.8 91.9 0.0 0.0 0.0 0.0
1.3 6.7 92.0 0.0 0.0 0.0 0.0
1.4 6.9 91.7 0.0 0.0 0.0 0.0
1.4 4.1 94.6 0.0 0.0 0.0 0.0
0.0 6.8 93.2 0.0 0.0 0.0 0.0
