2.7 4.0 93.3 0.0 0.0 0.0 0.0
13.9 38.9 47.2 0.0 0.0 0.0 0.0
2.7 5.4 91.9 0.0 0.0 0.0 0.0
2.6 5.3 92.1 0.0 0.0 0.0 0.0
2.8 11.3 83.1 0.0 0.0 2.8 0.0
0.0 8.7 89.9 0.0 0.0 1.4 0.0
1.4 7.2 89.9 0.0 0.0 1.4 0.0
2.8 11.3 83.1 0.0 0.0 2.8 0.0
0.0 13.9 84.7 0.0 0.0 1.4 0.0
4.1 12.2 79.7 0.0 0.0 4.1 0.0
1.5 5.9 88.2 0.0 0.0 4.4 0.0
0.0 7.4 91.2 0.0 0.0 1.5 0.0
2.9 7.1 85.7 0.0 0.0 4.3 0.0
2.8 5.6 87.3 0.0 0.0 4.2 0.0
2.9 12.9 82.9 0.0 0.0 1.4 0.0
0.0 6.8 89.0 0.0 0.0 4.1 0.0
1.4 7.2 89.9 0.0 0.0 1.4 0.0
2.9 10.1 85.5 0.0 0.0 1.4 0.0
1.4 7.2 88.4 0.0 0.0 2.9 0.0
2.9 8.8 85.3 0.0 0.0 2.9 0.0
2.7 9.3 84.0 0.0 0.0 4.0 0.0
1.4 8.6 87.1 0.0 0.0 2.9 0.0
1.4 8.7 88.4 0.0 0.0 1.4 0.0
1.4 8.5 87.3 0.0 0.0 2.8 0.0
2.6 7.9 82.9 0.0 0.0 6.6 0.0
0.0 10.0 88.6 0.0 0.0 1.4 0.0
1.4 8.2 87.7 0.0 0.0 2.7 0.0
1.4 5.6 88.9 0.0 0.0 4.2 0.0
2.8 7.0 87.3 0.0 0.0 2.8 0.0
3.0 7.5 88.1 0.0 0.0 1.5 0.0
0.0 8.2 86.3 0.0 0.0 5.5 0.0
1.4 8.2 86.3 0.0 0.0 4.1 0.0
2.9 5.7 88.6 0.0 0.0 2.9 0.0
1.4 12.5 81.9 0.0 0.0 4.2 0.0
1.4 8.6 85.7 0.0 0.0 4.3 0.0
2.8 5.6 90.3 0.0 0.0 1.4 0.0
0.0 10.0 85.7 0.0 0.0 4.3 0.0
4.1 5.4 86.5 0.0 0.0 4.1 0.0
4.2 8.3 84.7 0.0 0.0 2.8 0.0
1.4 5.6 91.5 0.0 0.0 1.4 0.0
1.4 5.7 88.6 0.0 0.0 4.3 0.0
1.4 8.5 85.9 0.0 0.0 4.2 0.0
1.3 9.1 83.1 0.0 0.0 6.5 0.0
4.3 17.4 73.9 0.0 0.0 4.3 0.0
1.4 5.4 87.8 0.0 0.0 5.4 0.0
2.8 7.0 87.3 0.0 0.0 2.8 0.0
1.4 8.6 85.7 0.0 0.0 4.3 0.0
1.4 7.2 89.9 0.0 0.0 1.4 0.0
6.8 9.6 79.5 0.0 0.0 4.1 0.0
1.4 6.9 86.1 0.0 0.0 5.6 0.0
0.0 11.3 87.3 0.0 0.0 1.4 0.0
4.2 7.0 85.9 0.0 0.0 2.8 0.0
2.8 7.0 85.9 0.0 0.0 4.2 0.0
2.7 13.5 78.4 0.0 0.0 5.4 0.0
2.7 4.1 93.2 0.0 0.0 0.0 0.0
1.4 4.1 94.6 0.0 0.0 0.0 0.0
2.7 4.1 93.2 0.0 0.0 0.0 0.0
0.0 8.6 91.4 0.0 0.0 0.0 0.0
2.7 4.1 93.2 0.0 0.0 0.0 0.0
0.0 4.1 95.9 0.0 0.0 0.0 0.0
