0.0 5.4 94.6 0.0 0.0 0.0 0.0
8.3 26.4 65.3 0.0 0.0 0.0 0.0
0.0 5.3 94.7 0.0 0.0 0.0 0.0
1.3 6.7 92.0 0.0 0.0 0.0 0.0
3.9 10.5 82.9 0.0 0.0 2.6 0.0
1.5 5.9 91.2 0.0 0.0 1.5 0.0
4.5 6.0 88.1 0.0 0.0 1.5 0.0
1.5 4.4 89.7 0.0 0.0 4.4 0.0
1.4 9.9 84.5 0.0 0.0 4.2 0.0
2.9 7.2 85.5 0.0 0.0 4.3 0.0
2.7 6.8 84.9 0.0 0.0 5.5 0.0
9.7 11.1 76.4 0.0 0.0 2.8 0.0
2.7 9.6 84.9 0.0 0.0 2.7 0.0
5.3 22.7 65.3 0.0 0.0 6.7 0.0
1.4 13.5 79.7 1.4 0.0 4.1 0.0
2.7 4.1 86.5 0.0 0.0 6.8 0.0
2.9 7.2 87.0 0.0 0.0 2.9 0.0
2.6 6.4 83.3 0.0 0.0 7.7 0.0
1.4 8.7 87.0 0.0 0.0 2.9 0.0
0.0 8.6 87.1 0.0 0.0 4.3 0.0
2.7 9.6 84.9 0.0 0.0 2.7 0.0
1.4 9.7 84.7 0.0 0.0 4.2 0.0
2.9 5.7 88.6 0.0 0.0 2.9 0.0
1.4 8.6 85.7 0.0 0.0 4.3 0.0
2.8 7.0 87.3 0.0 0.0 2.8 0.0
0.0 9.3 85.3 0.0 0.0 5.3 0.0
0.0 5.7 91.4 0.0 0.0 2.9 0.0
0.0 8.6 87.1 0.0 0.0 4.3 0.0
1.4 6.8 85.1 0.0 0.0 6.8 0.0
1.4 9.9 85.9 0.0 0.0 2.8 0.0
1.4 11.3 83.1 0.0 0.0 4.2 0.0
4.4 4.4 88.2 0.0 0.0 2.9 0.0
1.4 9.6 86.3 0.0 0.0 2.7 0.0
1.5 5.9 89.7 0.0 0.0 2.9 0.0
4.3 8.7 81.2 0.0 0.0 5.8 0.0
2.9 5.8 87.0 0.0 0.0 4.3 0.0
0.0 9.6 84.9 0.0 0.0 5.5 0.0
0.0 8.5 87.3 0.0 0.0 4.2 0.0
1.5 8.8 85.3 0.0 0.0 4.4 0.0
1.4 10.8 82.4 0.0 0.0 5.4 0.0
2.9 11.4 84.3 0.0 0.0 1.4 0.0
1.4 7.1 87.1 0.0 0.0 4.3 0.0
1.4 7.2 88.4 0.0 0.0 2.9 0.0
1.4 9.7 84.7 0.0 0.0 4.2 0.0
1.5 11.8 83.8 0.0 0.0 2.9 0.0
2.8 9.9 83.1 0.0 0.0 4.2 0.0
1.4 8.1 86.5 0.0 0.0 4.1 0.0
0.0 12.3 82.2 0.0 0.0 5.5 0.0
1.4 8.6 88.6 0.0 0.0 1.4 0.0
4.2 8.5 83.1 0.0 0.0 4.2 0.0
0.0 8.7 88.4 0.0 0.0 2.9 0.0
0.0 9.5 85.1 0.0 0.0 5.4 0.0
4.2 8.5 84.5 0.0 0.0 2.8 0.0
1.4 9.9 87.3 0.0 0.0 1.4 0.0
1.4 8.1 90.5 0.0 0.0 0.0 0.0
1.4 8.2 90.4 0.0 0.0 0.0 0.0
1.3 5.3 93.3 0.0 0.0 0.0 0.0
1.4 5.6 93.1 0.0 0.0 0.0 0.0
1.4 4.1 94.6 0.0 0.0 0.0 0.0
4.1 6.8 89.2 0.0 0.0 0.0 0.0
