2.7 8.0 89.3 0.0 0.0 0.0 0.0
5.5 26.0 68.5 0.0 0.0 0.0 0.0
1.4 5.4 93.2 0.0 0.0 0.0 0.0
1.4 4.2 80.6 12.5 0.0 1.4 0.0
18.3 11.3 62.0 0.0 0.0 8.5 0.0
2.9 10.1 82.6 0.0 0.0 4.3 0.0
1.4 8.7 87.0 0.0 0.0 2.9 0.0
2.9 8.8 83.8 0.0 0.0 4.4 0.0
1.4 11.3 83.1 0.0 0.0 4.2 0.0
2.8 11.3 78.9 0.0 0.0 7.0 0.0
1.4 8.7 85.5 0.0 0.0 4.3 0.0
2.9 7.1 85.7 0.0 0.0 4.3 0.0
1.5 9.0 85.1 0.0 0.0 4.5 0.0
2.9 8.8 86.8 0.0 0.0 1.5 0.0
4.2 11.1 76.4 0.0 0.0 8.3 0.0
1.5 6.2 90.8 0.0 0.0 1.5 0.0
0.0 8.7 85.5 0.0 0.0 5.8 0.0
1.5 8.8 83.8 0.0 0.0 5.9 0.0
8.5 16.9 67.6 0.0 0.0 7.0 0.0
3.0 10.4 83.6 0.0 0.0 3.0 0.0
1.4 8.3 83.3 0.0 0.0 6.9 0.0
1.4 5.6 85.9 0.0 0.0 7.0 0.0
2.9 10.3 83.8 0.0 0.0 2.9 0.0
1.4 10.0 84.3 0.0 0.0 4.3 0.0
12.5 12.5 63.9 0.0 0.0 11.1 0.0
0.0 7.2 85.5 0.0 0.0 7.2 0.0
1.4 11.6 84.1 0.0 0.0 2.9 0.0
1.4 12.9 81.4 0.0 0.0 4.3 0.0
1.5 8.8 86.8 0.0 0.0 2.9 0.0
2.9 8.6 81.4 0.0 0.0 7.1 0.0
2.8 9.9 83.1 0.0 0.0 4.2 0.0
2.9 10.1 82.6 0.0 0.0 4.3 0.0
1.4 8.6 82.9 0.0 0.0 7.1 0.0
4.2 9.9 76.1 5.6 0.0 4.2 0.0
1.4 8.6 82.9 0.0 0.0 7.1 0.0
0.0 8.7 82.6 0.0 0.0 8.7 0.0
1.5 10.3 83.8 0.0 0.0 4.4 0.0
2.6 6.5 80.5 0.0 0.0 10.4 0.0
2.9 10.0 84.3 0.0 0.0 2.9 0.0
1.4 7.1 85.7 0.0 0.0 5.7 0.0
2.9 16.2 72.1 0.0 0.0 8.8 0.0
2.7 11.0 82.2 0.0 0.0 4.1 0.0
4.2 7.0 83.1 0.0 0.0 5.6 0.0
1.5 9.1 86.4 0.0 0.0 3.0 0.0
2.8 5.6 81.9 0.0 0.0 9.7 0.0
1.4 9.6 83.6 0.0 0.0 5.5 0.0
2.9 10.0 82.9 0.0 0.0 4.3 0.0
1.3 9.0 82.1 0.0 0.0 7.7 0.0
4.1 10.8 75.7 0.0 0.0 9.5 0.0
12.3 9.9 70.4 0.0 0.0 7.4 0.0
1.4 8.6 84.3 0.0 0.0 5.7 0.0
1.4 7.2 84.1 0.0 0.0 7.2 0.0
1.4 8.7 85.5 0.0 0.0 4.3 0.0
2.9 10.3 85.3 0.0 0.0 1.5 0.0
0.0 5.4 94.6 0.0 0.0 0.0 0.0
1.4 4.1 94.6 0.0 0.0 0.0 0.0
1.4 4.1 94.6 0.0 0.0 0.0 0.0
2.7 5.3 92.0 0.0 0.0 0.0 0.0
1.4 5.5 93.2 0.0 0.0 0.0 0.0
1.3 4.0 94.7 0.0 0.0 0.0 0.0
