4.1 6.8 89.2 0.0 0.0 0.0 0.0
0.0 7.9 92.1 0.0 0.0 0.0 0.0
0.0 5.3 94.7 0.0 0.0 0.0 0.0
4.1 20.5 60.3 0.0 0.0 15.1 0.0
4.6 15.4 66.2 0.0 0.0 13.8 0.0
5.8 17.4 62.3 0.0 0.0 14.5 0.0
1.4 15.7 67.1 0.0 0.0 15.7 0.0
1.4 15.7 64.3 0.0 0.0 18.6 0.0
1.5 16.4 65.7 0.0 0.0 16.4 0.0
1.4 17.1 64.3 0.0 0.0 17.1 0.0
4.3 18.8 62.3 0.0 0.0 14.5 0.0
3.0 14.9 67.2 0.0 0.0 14.9 0.0
1.5 15.2 68.2 0.0 0.0 15.2 0.0
4.4 16.2 64.7 0.0 0.0 14.7 0.0
1.5 17.6 66.2 0.0 0.0 14.7 0.0
1.5 17.6 64.7 0.0 0.0 16.2 0.0
1.5 17.9 67.2 0.0 0.0 13.4 0.0
1.5 17.9 65.7 0.0 0.0 14.9 0.0
1.5 16.2 66.2 0.0 0.0 16.2 0.0
2.9 13.0 65.2 0.0 0.0 18.8 0.0
2.9 29.4 51.5 0.0 0.0 16.2 0.0
1.4 18.6 64.3 0.0 0.0 15.7 0.0
0.0 19.7 65.2 0.0 0.0 15.2 0.0
4.5 16.4 64.2 0.0 0.0 14.9 0.0
2.8 18.3 63.4 0.0 0.0 15.5 0.0
1.5 20.9 64.2 0.0 0.0 13.4 0.0
1.4 20.0 62.9 0.0 0.0 15.7 0.0
1.4 18.6 64.3 0.0 0.0 15.7 0.0
2.9 17.4 63.8 0.0 0.0 15.9 0.0
2.9 22.9 60.0 0.0 0.0 14.3 0.0
1.5 17.6 66.2 0.0 0.0 14.7 0.0
2.9 16.2 66.2 0.0 0.0 14.7 0.0
2.9 17.4 62.3 0.0 0.0 17.4 0.0
3.0 16.4 65.7 0.0 0.0 14.9 0.0
2.8 16.9 63.4 0.0 0.0 16.9 0.0
1.5 19.1 66.2 0.0 0.0 13.2 0.0
1.4 18.3 62.0 0.0 0.0 18.3 0.0
0.0 19.4 65.7 0.0 0.0 14.9 0.0
4.4 14.7 66.2 0.0 0.0 14.7 0.0
1.4 14.5 66.7 0.0 0.0 17.4 0.0
1.4 22.9 61.4 0.0 0.0 14.3 0.0
5.6 27.8 50.0 0.0 0.0 16.7 0.0
0.0 20.3 63.8 0.0 0.0 15.9 0.0
3.0 14.9 67.2 0.0 0.0 14.9 0.0
1.5 13.4 65.7 0.0 0.0 19.4 0.0
1.4 21.7 65.2 0.0 0.0 11.6 0.0
1.5 15.2 68.2 0.0 0.0 15.2 0.0
0.0 18.5 67.7 0.0 0.0 13.8 0.0
4.5 18.2 63.6 0.0 0.0 13.6 0.0
1.4 22.9 62.9 0.0 0.0 12.9 0.0
1.5 14.7 66.2 0.0 0.0 17.6 0.0
0.0 16.4 67.2 0.0 0.0 16.4 0.0
1.4 18.8 63.8 0.0 0.0 15.9 0.0
1.3 7.8 90.9 0.0 0.0 0.0 0.0
5.3 7.9 86.8 0.0 0.0 0.0 0.0
1.3 4.0 94.7 0.0 0.0 0.0 0.0
2.6 5.2 92.2 0.0 0.0 0.0 0.0
0.0 9.3 90.7 0.0 0.0 0.0 0.0
1.3 14.1 84.6 0.0 0.0 0.0 0.0
1.3 6.6 92.1 0.0 0.0 0.0 0.0
