1.4 5.4 93.2 0.0 0.0 0.0 0.0
5.5 24.7 69.9 0.0 0.0 0.0 0.0
0.0 4.2 95.8 0.0 0.0 0.0 0.0
2.7 9.5 82.4 5.4 0.0 0.0 0.0
2.8 5.6 87.3 0.0 0.0 4.2 0.0
1.4 7.0 90.1 0.0 0.0 1.4 0.0
2.8 9.7 84.7 0.0 0.0 2.8 0.0
1.4 7.1 85.7 0.0 0.0 5.7 0.0
2.7 9.5 85.1 0.0 0.0 2.7 0.0
2.9 8.6 85.7 0.0 0.0 2.9 0.0
1.5 16.2 77.9 0.0 0.0 4.4 0.0
1.4 9.9 85.9 0.0 0.0 2.8 0.0
1.4 11.1 84.7 0.0 0.0 2.8 0.0
0.0 8.7 88.4 0.0 0.0 2.9 0.0
1.4 10.1 87.0 0.0 0.0 1.4 0.0
1.4 7.2 89.9 0.0 0.0 1.4 0.0
4.0 8.0 82.7 0.0 0.0 5.3 0.0
1.4 8.6 85.7 0.0 0.0 4.3 0.0
1.4 7.0 85.9 0.0 0.0 5.6 0.0
1.4 7.2 87.0 0.0 0.0 4.3 0.0
5.8 13.0 76.8 0.0 0.0 4.3 0.0
1.5 9.0 88.1 0.0 0.0 1.5 0.0
1.4 8.5 84.5 0.0 0.0 5.6 0.0
1.5 5.9 88.2 0.0 0.0 4.4 0.0
1.5 7.4 88.2 0.0 0.0 2.9 0.0
2.6 6.6 85.5 0.0 0.0 5.3 0.0
1.5 5.9 89.7 0.0 0.0 2.9 0.0
1.4 11.1 84.7 0.0 0.0 2.8 0.0
1.4 11.1 84.7 0.0 0.0 2.8 0.0
1.4 8.7 87.0 0.0 0.0 2.9 0.0
1.3 8.0 86.7 0.0 0.0 4.0 0.0
1.4 5.8 87.0 0.0 0.0 5.8 0.0
0.0 8.6 87.1 0.0 0.0 4.3 0.0
1.4 10.8 83.8 0.0 0.0 4.1 0.0
2.9 7.1 87.1 0.0 0.0 2.9 0.0
1.4 7.1 87.1 0.0 0.0 4.3 0.0
1.4 8.5 85.9 0.0 0.0 4.2 0.0
1.4 7.1 87.1 0.0 0.0 4.3 0.0
1.4 8.7 88.4 0.0 0.0 1.4 0.0
1.4 8.7 88.4 0.0 0.0 1.4 0.0
0.0 5.7 87.1 0.0 0.0 7.1 0.0
4.4 5.9 88.2 0.0 0.0 1.5 0.0
4.2 5.6 87.3 0.0 0.0 2.8 0.0
4.2 7.0 84.5 0.0 0.0 4.2 0.0
1.4 8.6 85.7 0.0 0.0 4.3 0.0
2.8 11.1 83.3 0.0 0.0 2.8 0.0
4.2 9.9 81.7 0.0 0.0 4.2 0.0
0.0 9.9 87.3 0.0 0.0 2.8 0.0
1.4 11.0 82.2 0.0 0.0 5.5 0.0
1.5 8.8 86.8 0.0 0.0 2.9 0.0
2.9 10.0 82.9 0.0 0.0 4.3 0.0
2.9 7.2 87.0 0.0 0.0 2.9 0.0
2.8 8.5 85.9 0.0 0.0 2.8 0.0
0.0 10.0 87.1 0.0 0.0 2.9 0.0
1.4 2.7 95.9 0.0 0.0 0.0 0.0
1.4 5.6 93.0 0.0 0.0 0.0 0.0
1.4 5.4 93.2 0.0 0.0 0.0 0.0
1.4 4.1 94.5 0.0 0.0 0.0 0.0
2.7 6.7 90.7 0.0 0.0 0.0 0.0
1.4 4.1 94.6 0.0 0.0 0.0 0.0
