1.4 19.2 79.5 0.0 0.0 0.0 0.0
2.7 6.8 90.4 0.0 0.0 0.0 0.0
1.4 4.1 94.6 0.0 0.0 0.0 0.0
1.5 10.3 85.3 0.0 0.0 2.9 0.0
1.4 11.6 87.0 0.0 0.0 0.0 0.0
2.9 12.9 81.4 0.0 0.0 2.9 0.0
1.5 10.3 86.8 0.0 0.0 1.5 0.0
0.0 11.1 84.7 0.0 0.0 4.2 0.0
3.0 6.1 89.4 0.0 0.0 1.5 0.0
2.9 11.4 82.9 0.0 0.0 2.9 0.0
2.8 11.1 83.3 0.0 0.0 2.8 0.0
4.3 7.1 85.7 0.0 0.0 2.9 0.0
2.8 9.9 84.5 0.0 0.0 2.8 0.0
0.0 9.1 89.4 0.0 0.0 1.5 0.0
2.8 12.7 81.7 0.0 0.0 2.8 0.0
2.9 8.7 88.4 0.0 0.0 0.0 0.0
1.4 10.1 85.5 0.0 0.0 2.9 0.0
8.5 14.1 74.6 0.0 0.0 2.8 0.0
2.8 12.7 83.1 0.0 0.0 1.4 0.0
1.4 11.0 86.3 0.0 0.0 1.4 0.0
1.4 11.6 87.0 0.0 0.0 0.0 0.0
1.4 12.9 84.3 0.0 0.0 1.4 0.0
0.0 9.6 87.7 0.0 0.0 2.7 0.0
1.4 14.3 82.9 0.0 0.0 1.4 0.0
1.4 11.4 77.1 10.0 0.0 0.0 0.0
1.4 13.0 84.1 0.0 0.0 1.4 0.0
2.8 9.9 84.5 0.0 0.0 2.8 0.0
1.4 10.0 87.1 0.0 0.0 1.4 0.0
6.9 23.6 63.9 0.0 0.0 5.6 0.0
0.0 12.9 87.1 0.0 0.0 0.0 0.0
2.7 11.0 83.6 0.0 0.0 2.7 0.0
1.4 12.7 84.5 0.0 0.0 1.4 0.0
1.5 10.3 88.2 0.0 0.0 0.0 0.0
2.8 12.7 83.1 0.0 0.0 1.4 0.0
1.4 12.7 83.1 0.0 0.0 2.8 0.0
2.9 10.1 85.5 0.0 0.0 1.4 0.0
2.8 11.1 84.7 0.0 0.0 1.4 0.0
0.0 10.8 85.1 0.0 0.0 4.1 0.0
3.0 9.0 88.1 0.0 0.0 0.0 0.0
2.9 8.6 85.7 0.0 0.0 2.9 0.0
1.4 11.6 85.5 0.0 0.0 1.4 0.0
1.5 7.4 91.2 0.0 0.0 0.0 0.0
1.4 13.9 81.9 0.0 0.0 2.8 0.0
2.9 12.9 84.3 0.0 0.0 0.0 0.0
1.4 12.9 84.3 0.0 0.0 1.4 0.0
1.3 9.2 84.2 0.0 0.0 5.3 0.0
1.4 10.1 88.4 0.0 0.0 0.0 0.0
2.7 10.8 83.8 0.0 0.0 2.7 0.0
1.4 12.5 84.7 0.0 0.0 1.4 0.0
1.5 13.2 85.3 0.0 0.0 0.0 0.0
2.8 12.7 83.1 0.0 0.0 1.4 0.0
1.4 13.9 80.6 0.0 0.0 4.2 0.0
1.4 15.5 81.7 0.0 0.0 1.4 0.0
2.7 4.0 93.3 0.0 0.0 0.0 0.0
1.3 8.0 90.7 0.0 0.0 0.0 0.0
1.4 5.5 93.2 0.0 0.0 0.0 0.0
0.0 4.1 95.9 0.0 0.0 0.0 0.0
2.7 5.5 91.8 0.0 0.0 0.0 0.0
0.0 2.7 97.3 0.0 0.0 0.0 0.0
2.7 8.1 89.2 0.0 0.0 0.0 0.0
