1.3 7.9 90.8 0.0 0.0 0.0 0.0
2.6 5.1 92.3 0.0 0.0 0.0 0.0
1.3 6.5 92.2 0.0 0.0 0.0 0.0
0.0 5.2 94.8 0.0 0.0 0.0 0.0
2.9 10.0 74.3 0.0 0.0 12.9 0.0
2.8 12.5 72.2 0.0 0.0 12.5 0.0
2.9 10.3 76.5 0.0 0.0 10.3 0.0
4.8 11.9 69.0 0.0 0.0 14.3 0.0
11.3 11.3 62.0 0.0 0.0 15.5 0.0
3.6 19.3 61.4 2.4 0.0 13.3 0.0
1.5 7.6 80.3 0.0 0.0 10.6 0.0
1.4 11.4 74.3 0.0 0.0 12.9 0.0
2.4 11.0 73.2 0.0 0.0 13.4 0.0
2.9 15.9 68.1 0.0 0.0 13.0 0.0
1.4 12.9 74.3 0.0 0.0 11.4 0.0
1.5 10.4 77.6 0.0 0.0 10.4 0.0
2.8 12.7 71.8 0.0 0.0 12.7 0.0
1.5 10.4 79.1 0.0 0.0 9.0 0.0
4.4 13.2 72.1 0.0 0.0 10.3 0.0
4.3 8.7 75.4 0.0 0.0 11.6 0.0
8.7 18.8 60.9 0.0 0.0 11.6 0.0
1.4 14.5 73.9 0.0 0.0 10.1 0.0
1.5 11.8 75.0 0.0 0.0 11.8 0.0
4.3 14.3 68.6 0.0 0.0 12.9 0.0
2.9 11.4 71.4 0.0 0.0 14.3 0.0
1.4 10.1 75.4 0.0 0.0 13.0 0.0
4.3 17.1 68.6 0.0 0.0 10.0 0.0
3.0 7.5 79.1 0.0 0.0 10.4 0.0
3.5 12.9 68.2 1.2 0.0 14.1 0.0
1.5 11.8 75.0 0.0 0.0 11.8 0.0
1.5 12.3 76.9 0.0 0.0 9.2 0.0
1.6 9.4 79.7 0.0 0.0 9.4 0.0
2.8 9.9 71.8 0.0 0.0 15.5 0.0
1.5 13.6 75.8 0.0 0.0 9.1 0.0
2.9 8.7 75.4 0.0 0.0 13.0 0.0
2.9 11.8 75.0 0.0 0.0 10.3 0.0
4.4 8.8 79.4 0.0 0.0 7.4 0.0
11.0 31.5 41.1 0.0 0.0 16.4 0.0
1.5 11.9 74.6 0.0 0.0 11.9 0.0
1.4 12.2 77.0 0.0 0.0 9.5 0.0
24.3 10.0 52.9 0.0 0.0 12.9 0.0
5.6 11.1 70.8 0.0 0.0 12.5 0.0
1.5 11.9 76.1 0.0 0.0 10.4 0.0
2.9 15.7 72.9 0.0 0.0 8.6 0.0
3.1 9.4 79.7 0.0 0.0 7.8 0.0
1.4 16.4 69.9 0.0 0.0 12.3 0.0
1.2 10.6 74.1 0.0 0.0 14.1 0.0
0.0 9.2 76.3 0.0 0.0 14.5 0.0
0.0 13.4 77.6 0.0 0.0 9.0 0.0
2.9 8.8 76.5 0.0 0.0 11.8 0.0
4.4 11.8 79.4 0.0 0.0 4.4 0.0
0.0 14.5 75.4 0.0 0.0 10.1 0.0
2.9 11.8 73.5 0.0 0.0 11.8 0.0
2.6 5.2 92.2 0.0 0.0 0.0 0.0
3.8 7.7 88.5 0.0 0.0 0.0 0.0
2.7 5.3 92.0 0.0 0.0 0.0 0.0
10.1 11.4 78.5 0.0 0.0 0.0 0.0
5.2 5.2 89.6 0.0 0.0 0.0 0.0
2.6 6.4 91.0 0.0 0.0 0.0 0.0
2.7 2.7 94.6 0.0 0.0 0.0 0.0
