2.6 3.9 93.4 0.0 0.0 0.0 0.0
2.6 3.9 93.4 0.0 0.0 0.0 0.0
2.6 5.2 92.2 0.0 0.0 0.0 0.0
6.4 21.8 70.5 1.3 0.0 0.0 0.0
1.4 12.2 85.1 0.0 0.0 1.4 0.0
2.7 15.1 80.8 0.0 0.0 1.4 0.0
1.4 8.1 87.8 0.0 0.0 2.7 0.0
1.4 10.8 82.4 0.0 0.0 5.4 0.0
1.3 10.7 85.3 0.0 0.0 2.7 0.0
1.4 8.3 86.1 0.0 0.0 4.2 0.0
2.9 10.1 87.0 0.0 0.0 0.0 0.0
1.4 11.0 84.9 0.0 0.0 2.7 0.0
0.0 11.1 84.7 0.0 0.0 4.2 0.0
4.0 9.3 81.3 0.0 0.0 5.3 0.0
2.9 10.3 85.3 0.0 0.0 1.5 0.0
2.7 9.6 83.6 0.0 0.0 4.1 0.0
1.3 10.7 82.7 0.0 0.0 5.3 0.0
1.4 13.7 83.6 0.0 0.0 1.4 0.0
0.0 8.6 88.6 0.0 0.0 2.9 0.0
13.5 14.9 64.9 0.0 0.0 6.8 0.0
2.8 9.7 86.1 0.0 0.0 1.4 0.0
4.1 6.8 84.9 0.0 0.0 4.1 0.0
2.8 9.7 83.3 0.0 0.0 4.2 0.0
0.0 7.1 90.0 0.0 0.0 2.9 0.0
2.8 9.9 81.7 0.0 0.0 5.6 0.0
1.4 8.7 88.4 0.0 0.0 1.4 0.0
0.0 8.5 87.3 0.0 0.0 4.2 0.0
0.0 11.1 84.7 0.0 0.0 4.2 0.0
0.0 12.2 85.1 0.0 0.0 2.7 0.0
4.1 16.4 76.7 0.0 0.0 2.7 0.0
1.4 8.5 87.3 0.0 0.0 2.8 0.0
2.6 7.7 84.6 0.0 0.0 5.1 0.0
1.4 12.3 82.2 0.0 0.0 4.1 0.0
2.9 5.7 88.6 0.0 0.0 2.9 0.0
5.7 17.1 72.9 0.0 0.0 4.3 0.0
1.4 8.3 86.1 0.0 0.0 4.2 0.0
2.8 9.7 84.7 0.0 0.0 2.8 0.0
2.6 10.4 84.4 0.0 0.0 2.6 0.0
2.7 11.0 84.9 0.0 0.0 1.4 0.0
1.4 8.3 84.7 0.0 0.0 5.6 0.0
2.7 9.5 85.1 0.0 0.0 2.7 0.0
2.8 11.3 85.9 0.0 0.0 0.0 0.0
1.4 8.3 86.1 0.0 0.0 4.2 0.0
0.0 11.0 84.9 0.0 0.0 4.1 0.0
1.4 9.9 85.9 0.0 0.0 2.8 0.0
1.4 11.3 85.9 0.0 0.0 1.4 0.0
1.4 8.1 86.5 0.0 0.0 4.1 0.0
1.4 8.5 87.3 0.0 0.0 2.8 0.0
1.4 8.5 88.7 0.0 0.0 1.4 0.0
1.4 8.3 86.1 0.0 0.0 4.2 0.0
1.4 8.6 90.0 0.0 0.0 0.0 0.0
13.5 32.4 47.3 0.0 0.0 6.8 0.0
12.9 10.0 74.3 0.0 0.0 2.9 0.0
11.1 16.7 70.8 0.0 0.0 1.4 0.0
1.3 5.3 93.4 0.0 0.0 0.0 0.0
0.0 5.3 94.7 0.0 0.0 0.0 0.0
1.3 5.3 93.4 0.0 0.0 0.0 0.0
1.3 5.2 93.5 0.0 0.0 0.0 0.0
3.9 6.5 89.6 0.0 0.0 0.0 0.0
0.0 4.1 95.9 0.0 0.0 0.0 0.0
