3.9 9.1 87.0 0.0 0.0 0.0 0.0
5.3 6.6 88.2 0.0 0.0 0.0 0.0
5.0 3.8 91.2 0.0 0.0 0.0 0.0
2.7 5.3 92.0 0.0 0.0 0.0 0.0
2.9 13.2 72.1 0.0 0.0 11.8 0.0
0.0 15.9 71.0 0.0 0.0 13.0 0.0
2.6 11.8 69.7 0.0 0.0 15.8 0.0
4.4 11.8 70.6 0.0 0.0 13.2 0.0
1.5 19.4 67.2 0.0 0.0 11.9 0.0
11.3 14.1 59.2 0.0 0.0 15.5 0.0
0.0 11.9 71.6 0.0 0.0 16.4 0.0
2.9 12.9 70.0 0.0 0.0 14.3 0.0
1.3 15.8 72.4 0.0 0.0 10.5 0.0
14.5 13.2 59.2 0.0 0.0 13.2 0.0
2.8 12.7 67.6 0.0 0.0 16.9 0.0
0.0 13.2 70.6 0.0 0.0 16.2 0.0
2.9 7.4 73.5 0.0 0.0 16.2 0.0
2.9 13.0 69.6 0.0 0.0 14.5 0.0
1.4 13.9 65.3 0.0 0.0 19.4 0.0
0.0 17.6 66.2 0.0 0.0 16.2 0.0
1.5 11.9 70.1 0.0 0.0 16.4 0.0
1.5 12.1 72.7 0.0 0.0 13.6 0.0
2.8 12.7 69.0 0.0 0.0 15.5 0.0
1.5 11.9 73.1 0.0 0.0 13.4 0.0
4.9 13.4 63.4 0.0 0.0 18.3 0.0
2.7 13.7 67.1 0.0 0.0 16.4 0.0
3.0 9.0 71.6 0.0 0.0 16.4 0.0
4.3 13.0 68.1 0.0 0.0 14.5 0.0
1.2 10.0 71.2 0.0 0.0 17.5 0.0
17.8 16.4 49.3 0.0 0.0 16.4 0.0
5.9 7.4 70.6 0.0 0.0 16.2 0.0
2.9 10.0 70.0 0.0 0.0 17.1 0.0
1.4 13.0 69.6 0.0 0.0 15.9 0.0
2.8 13.9 66.7 0.0 0.0 16.7 0.0
2.9 14.3 65.7 0.0 0.0 17.1 0.0
4.5 9.1 72.7 0.0 0.0 13.6 0.0
0.0 14.7 72.1 0.0 0.0 13.2 0.0
4.3 11.4 68.6 0.0 0.0 15.7 0.0
1.5 10.4 71.6 0.0 0.0 16.4 0.0
4.1 13.5 63.5 0.0 0.0 18.9 0.0
1.4 17.6 64.9 0.0 0.0 16.2 0.0
1.5 7.4 72.1 0.0 0.0 19.1 0.0
5.9 17.6 61.8 0.0 0.0 14.7 0.0
1.2 11.6 69.8 0.0 0.0 17.4 0.0
4.3 11.6 68.1 0.0 0.0 15.9 0.0
2.8 11.3 69.0 0.0 0.0 16.9 0.0
2.9 13.0 69.6 0.0 0.0 14.5 0.0
1.5 10.4 73.1 0.0 0.0 14.9 0.0
1.5 10.4 71.6 0.0 0.0 16.4 0.0
5.8 7.2 68.1 0.0 0.0 18.8 0.0
1.5 15.2 69.7 0.0 0.0 13.6 0.0
2.9 10.1 69.6 0.0 0.0 17.4 0.0
4.3 11.4 68.6 0.0 0.0 15.7 0.0
2.6 5.3 92.1 0.0 0.0 0.0 0.0
1.3 5.3 93.4 0.0 0.0 0.0 0.0
1.3 5.3 93.4 0.0 0.0 0.0 0.0
1.3 5.3 93.4 0.0 0.0 0.0 0.0
2.6 3.9 93.5 0.0 0.0 0.0 0.0
3.9 3.9 92.1 0.0 0.0 0.0 0.0
6.9 25.0 66.7 0.0 0.0 0.0 0.0
