10.7 17.3 72.0 0.0 0.0 0.0 0.0
1.3 5.1 93.6 0.0 0.0 0.0 0.0
1.3 6.5 92.2 0.0 0.0 0.0 0.0
1.3 3.9 94.8 0.0 0.0 0.0 0.0
0.0 8.7 88.4 0.0 0.0 2.9 0.0
2.9 10.0 85.7 0.0 0.0 1.4 0.0
4.1 5.5 84.9 0.0 0.0 5.5 0.0
1.2 7.5 81.2 0.0 0.0 10.0 0.0
1.4 8.7 88.4 0.0 0.0 1.4 0.0
2.8 9.7 81.9 0.0 0.0 5.6 0.0
1.4 6.8 86.3 0.0 0.0 5.5 0.0
2.9 8.6 87.1 0.0 0.0 1.4 0.0
3.7 11.0 79.3 0.0 0.0 6.1 0.0
2.5 11.2 80.0 0.0 0.0 6.2 0.0
3.9 6.6 85.5 0.0 0.0 3.9 0.0
1.3 10.7 84.0 0.0 0.0 4.0 0.0
1.4 11.1 81.9 0.0 0.0 5.6 0.0
3.8 11.4 81.0 0.0 0.0 2.5 0.0
0.0 16.4 75.3 0.0 0.0 8.2 0.0
2.9 5.7 87.1 0.0 0.0 4.3 0.0
3.9 7.8 84.4 0.0 0.0 3.9 0.0
1.4 8.5 84.5 0.0 0.0 5.6 0.0
1.4 9.7 84.7 0.0 0.0 4.2 0.0
2.8 14.1 78.9 0.0 0.0 4.2 0.0
1.4 11.0 80.8 0.0 0.0 6.8 0.0
1.4 10.0 85.7 0.0 0.0 2.9 0.0
0.0 11.3 85.9 0.0 0.0 2.8 0.0
2.9 7.2 88.4 0.0 0.0 1.4 0.0
2.7 11.0 79.5 0.0 0.0 6.8 0.0
2.6 11.7 80.5 0.0 0.0 5.2 0.0
2.8 9.9 84.5 0.0 0.0 2.8 0.0
1.4 5.7 87.1 0.0 0.0 5.7 0.0
4.3 5.7 87.1 0.0 0.0 2.9 0.0
2.7 11.0 78.1 0.0 0.0 8.2 0.0
1.4 8.6 87.1 0.0 0.0 2.9 0.0
4.2 8.3 81.9 0.0 0.0 5.6 0.0
1.4 9.9 83.1 0.0 0.0 5.6 0.0
0.0 10.0 82.9 0.0 0.0 7.1 0.0
4.1 8.2 82.2 0.0 0.0 5.5 0.0
0.0 8.6 88.6 0.0 0.0 2.9 0.0
1.4 8.6 85.7 0.0 0.0 4.3 0.0
1.4 8.5 85.9 0.0 0.0 4.2 0.0
2.9 14.3 75.7 0.0 0.0 7.1 0.0
2.8 9.9 83.1 0.0 0.0 4.2 0.0
0.0 7.1 87.1 0.0 0.0 5.7 0.0
1.3 9.1 84.4 0.0 0.0 5.2 0.0
4.3 8.7 82.6 0.0 0.0 4.3 0.0
1.4 11.3 83.1 0.0 0.0 4.2 0.0
0.0 8.5 85.9 0.0 0.0 5.6 0.0
2.7 12.0 78.7 0.0 0.0 6.7 0.0
1.4 7.1 87.1 0.0 0.0 4.3 0.0
2.7 12.3 79.5 0.0 0.0 5.5 0.0
3.8 9.0 82.1 0.0 0.0 5.1 0.0
1.3 6.4 92.3 0.0 0.0 0.0 0.0
1.3 6.6 92.1 0.0 0.0 0.0 0.0
2.5 7.6 89.9 0.0 0.0 0.0 0.0
1.3 11.8 86.8 0.0 0.0 0.0 0.0
2.6 3.9 93.4 0.0 0.0 0.0 0.0
1.3 5.3 93.3 0.0 0.0 0.0 0.0
14.1 19.2 66.7 0.0 0.0 0.0 0.0
