1.4 5.5 93.2 0.0 0.0 0.0 0.0
5.6 25.0 69.4 0.0 0.0 0.0 0.0
20.8 18.1 61.1 0.0 0.0 0.0 0.0
1.4 5.4 78.4 13.5 0.0 1.4 0.0
1.5 10.3 64.7 0.0 0.0 23.5 0.0
0.0 16.4 65.7 0.0 0.0 17.9 0.0
0.0 14.1 67.2 0.0 0.0 18.8 0.0
1.5 13.4 65.7 0.0 0.0 19.4 0.0
3.0 12.1 65.2 0.0 0.0 19.7 0.0
1.4 15.9 65.2 0.0 0.0 17.4 0.0
0.0 14.9 64.2 0.0 0.0 20.9 0.0
1.4 11.4 62.9 0.0 0.0 24.3 0.0
4.5 9.0 64.2 0.0 0.0 22.4 0.0
1.5 9.1 66.7 0.0 0.0 22.7 0.0
1.5 12.1 66.7 0.0 0.0 19.7 0.0
0.0 13.2 64.7 0.0 0.0 22.1 0.0
1.5 13.2 64.7 0.0 0.0 20.6 0.0
2.9 11.4 64.3 0.0 0.0 21.4 0.0
0.0 11.8 64.7 0.0 0.0 23.5 0.0
1.5 11.9 65.7 0.0 0.0 20.9 0.0
2.9 10.3 63.2 0.0 0.0 23.5 0.0
4.5 9.0 65.7 0.0 0.0 20.9 0.0
1.5 13.6 65.2 0.0 0.0 19.7 0.0
1.5 12.1 65.2 0.0 0.0 21.2 0.0
2.9 10.3 64.7 0.0 0.0 22.1 0.0
1.5 14.9 64.2 0.0 0.0 19.4 0.0
2.9 10.0 62.9 0.0 0.0 24.3 0.0
2.9 14.5 60.9 0.0 0.0 21.7 0.0
1.5 13.2 64.7 0.0 0.0 20.6 0.0
1.5 13.4 67.2 0.0 0.0 17.9 0.0
1.5 9.2 67.7 0.0 0.0 21.5 0.0
1.5 9.0 65.7 0.0 0.0 23.9 0.0
1.6 12.5 67.2 0.0 0.0 18.8 0.0
0.0 14.1 67.2 0.0 0.0 18.8 0.0
3.0 10.6 66.7 0.0 0.0 19.7 0.0
4.5 11.9 62.7 0.0 0.0 20.9 0.0
3.0 12.1 66.7 0.0 0.0 18.2 0.0
2.9 10.1 63.8 0.0 0.0 23.2 0.0
4.5 10.6 63.6 0.0 0.0 21.2 0.0
2.9 10.3 64.7 0.0 0.0 22.1 0.0
1.5 13.6 65.2 0.0 0.0 19.7 0.0
4.5 7.5 65.7 0.0 0.0 22.4 0.0
4.5 11.9 64.2 0.0 0.0 19.4 0.0
0.0 12.3 66.2 0.0 0.0 21.5 0.0
2.9 8.8 66.2 0.0 0.0 22.1 0.0
5.8 17.4 55.1 0.0 0.0 21.7 0.0
1.5 12.1 68.2 0.0 0.0 18.2 0.0
4.4 10.3 63.2 0.0 0.0 22.1 0.0
3.0 9.1 65.2 0.0 0.0 22.7 0.0
0.0 11.9 65.7 0.0 0.0 22.4 0.0
3.1 13.8 64.6 0.0 0.0 18.5 0.0
3.0 12.1 66.7 0.0 0.0 18.2 0.0
1.5 12.3 64.6 0.0 0.0 21.5 0.0
1.5 10.6 65.2 0.0 0.0 22.7 0.0
1.4 5.6 93.0 0.0 0.0 0.0 0.0
1.4 5.5 93.2 0.0 0.0 0.0 0.0
1.4 2.7 95.9 0.0 0.0 0.0 0.0
2.7 6.7 90.7 0.0 0.0 0.0 0.0
1.4 4.1 94.6 0.0 0.0 0.0 0.0
2.6 3.9 93.4 0.0 0.0 0.0 0.0
