9.2 23.7 67.1 0.0 0.0 0.0 0.0
4.2 27.8 68.1 0.0 0.0 0.0 0.0
1.4 4.1 94.5 0.0 0.0 0.0 0.0
0.0 5.3 93.3 1.3 0.0 0.0 0.0
1.5 13.6 69.7 0.0 0.0 15.2 0.0
1.5 10.8 72.3 0.0 0.0 15.4 0.0
0.0 12.3 72.3 0.0 0.0 15.4 0.0
0.0 11.6 34.8 33.3 0.0 20.3 0.0
1.5 12.1 72.7 0.0 0.0 13.6 0.0
2.8 11.3 66.2 0.0 0.0 19.7 0.0
1.5 10.4 71.6 0.0 0.0 16.4 0.0
3.1 12.5 73.4 0.0 0.0 10.9 0.0
4.4 10.3 70.6 0.0 0.0 14.7 0.0
1.5 13.2 70.6 0.0 0.0 14.7 0.0
0.0 10.8 72.3 0.0 0.0 16.9 0.0
3.0 13.6 71.2 0.0 0.0 12.1 0.0
2.7 8.0 73.3 0.0 0.0 16.0 0.0
3.1 7.7 73.8 0.0 0.0 15.4 0.0
3.0 14.9 70.1 0.0 0.0 11.9 0.0
3.0 10.4 73.1 0.0 0.0 13.4 0.0
0.0 15.2 69.7 0.0 0.0 15.2 0.0
0.0 14.3 68.6 0.0 0.0 17.1 0.0
1.5 12.3 73.8 0.0 0.0 12.3 0.0
3.1 10.8 72.3 0.0 0.0 13.8 0.0
3.0 10.4 70.1 0.0 0.0 16.4 0.0
1.4 15.7 67.1 0.0 0.0 15.7 0.0
1.5 14.7 69.1 0.0 0.0 14.7 0.0
1.5 11.8 69.1 0.0 0.0 17.6 0.0
4.5 7.6 72.7 0.0 0.0 15.2 0.0
3.1 10.9 73.4 0.0 0.0 12.5 0.0
1.5 10.4 70.1 0.0 0.0 17.9 0.0
1.5 8.8 67.6 0.0 0.0 22.1 0.0
1.5 10.6 72.7 0.0 0.0 15.2 0.0
1.5 10.6 71.2 0.0 0.0 16.7 0.0
1.4 11.6 68.1 0.0 0.0 18.8 0.0
7.6 12.1 62.1 0.0 0.0 18.2 0.0
1.5 12.1 69.7 0.0 0.0 16.7 0.0
1.5 12.3 73.8 0.0 0.0 12.3 0.0
3.1 9.4 73.4 0.0 0.0 14.1 0.0
1.4 13.5 70.3 0.0 0.0 14.9 0.0
2.9 10.3 69.1 0.0 0.0 17.6 0.0
4.3 11.6 68.1 0.0 0.0 15.9 0.0
6.2 15.6 59.4 0.0 0.0 18.8 0.0
3.1 15.6 70.3 0.0 0.0 10.9 0.0
0.0 11.9 73.1 0.0 0.0 14.9 0.0
1.6 12.7 76.2 0.0 0.0 9.5 0.0
1.6 12.5 73.4 0.0 0.0 12.5 0.0
0.0 10.8 73.8 0.0 0.0 15.4 0.0
1.5 13.2 67.6 0.0 0.0 17.6 0.0
1.5 10.8 72.3 0.0 0.0 15.4 0.0
1.4 13.0 66.7 0.0 0.0 18.8 0.0
2.9 11.8 69.1 0.0 0.0 16.2 0.0
1.4 13.0 69.6 0.0 0.0 15.9 0.0
0.0 13.2 69.1 0.0 0.0 17.6 0.0
1.3 5.3 93.4 0.0 0.0 0.0 0.0
1.4 5.4 93.2 0.0 0.0 0.0 0.0
1.4 4.1 94.5 0.0 0.0 0.0 0.0
0.0 4.1 95.9 0.0 0.0 0.0 0.0
1.4 5.6 93.1 0.0 0.0 0.0 0.0
2.7 5.4 91.9 0.0 0.0 0.0 0.0
