5.4 18.9 75.7 0.0 0.0 0.0 0.0
4.1 12.2 83.8 0.0 0.0 0.0 0.0
2.7 5.4 91.9 0.0 0.0 0.0 0.0
1.5 11.8 86.8 0.0 0.0 0.0 0.0
1.5 9.0 89.6 0.0 0.0 0.0 0.0
2.6 10.5 84.2 0.0 0.0 2.6 0.0
2.9 8.6 87.1 0.0 0.0 1.4 0.0
1.6 7.8 89.1 0.0 0.0 1.6 0.0
1.5 6.2 92.3 0.0 0.0 0.0 0.0
1.3 14.3 79.2 0.0 0.0 5.2 0.0
2.7 10.7 82.7 0.0 0.0 4.0 0.0
2.9 10.1 84.1 0.0 0.0 2.9 0.0
2.7 15.1 80.8 0.0 0.0 1.4 0.0
1.5 6.0 91.0 0.0 0.0 1.5 0.0
0.0 13.2 85.3 0.0 0.0 1.5 0.0
3.0 4.5 92.5 0.0 0.0 0.0 0.0
2.8 11.3 84.5 0.0 0.0 1.4 0.0
1.6 7.8 90.6 0.0 0.0 0.0 0.0
2.9 8.7 85.5 1.4 0.0 1.4 0.0
2.9 7.4 88.2 0.0 0.0 1.5 0.0
1.4 11.6 85.5 0.0 0.0 1.4 0.0
5.9 11.8 80.9 0.0 0.0 1.5 0.0
2.9 11.6 84.1 0.0 0.0 1.4 0.0
2.7 17.6 78.4 0.0 0.0 1.4 0.0
1.4 12.7 81.7 0.0 0.0 4.2 0.0
1.5 10.3 88.2 0.0 0.0 0.0 0.0
0.0 14.3 84.3 0.0 0.0 1.4 0.0
2.8 9.9 84.5 0.0 0.0 2.8 0.0
2.8 14.1 77.5 0.0 0.0 5.6 0.0
2.7 17.3 77.3 0.0 0.0 2.7 0.0
2.7 8.1 86.5 0.0 0.0 2.7 0.0
0.0 7.7 90.8 0.0 0.0 1.5 0.0
1.4 16.2 81.1 0.0 0.0 1.4 0.0
6.0 10.4 83.6 0.0 0.0 0.0 0.0
1.4 14.3 81.4 0.0 0.0 2.9 0.0
1.4 14.5 79.7 0.0 0.0 4.3 0.0
1.3 16.0 78.7 0.0 0.0 4.0 0.0
0.0 8.8 89.7 0.0 0.0 1.5 0.0
1.4 16.9 78.9 0.0 0.0 2.8 0.0
2.7 15.1 79.5 0.0 0.0 2.7 0.0
2.9 11.6 85.5 0.0 0.0 0.0 0.0
2.9 11.4 82.9 0.0 0.0 2.9 0.0
4.2 12.7 83.1 0.0 0.0 0.0 0.0
1.4 14.3 80.0 0.0 0.0 4.3 0.0
0.0 11.0 86.3 0.0 0.0 2.7 0.0
0.0 11.8 86.8 0.0 0.0 1.5 0.0
4.1 18.9 75.7 0.0 0.0 1.4 0.0
0.0 16.7 83.3 0.0 0.0 0.0 0.0
4.2 15.3 77.8 0.0 0.0 2.8 0.0
1.4 8.2 86.3 0.0 0.0 4.1 0.0
1.4 12.7 84.5 0.0 0.0 1.4 0.0
1.5 11.8 86.8 0.0 0.0 0.0 0.0
1.3 14.1 82.1 0.0 0.0 2.6 0.0
2.7 8.0 89.3 0.0 0.0 0.0 0.0
0.0 4.1 95.9 0.0 0.0 0.0 0.0
2.6 3.9 93.4 0.0 0.0 0.0 0.0
1.4 4.1 94.6 0.0 0.0 0.0 0.0
2.7 4.1 93.2 0.0 0.0 0.0 0.0
2.8 2.8 94.4 0.0 0.0 0.0 0.0
1.3 6.7 92.0 0.0 0.0 0.0 0.0
