2.7 4.1 93.2 0.0 0.0 0.0 0.0
5.5 24.7 69.9 0.0 0.0 0.0 0.0
1.4 6.8 91.9 0.0 0.0 0.0 0.0
2.8 5.6 84.5 7.0 0.0 0.0 0.0
2.9 14.3 58.6 0.0 0.0 24.3 0.0
1.4 8.6 60.0 0.0 0.0 30.0 0.0
3.0 10.4 61.2 0.0 0.0 25.4 0.0
1.5 11.8 63.2 0.0 0.0 23.5 0.0
3.1 16.9 60.0 0.0 0.0 20.0 0.0
2.9 13.0 59.4 0.0 0.0 24.6 0.0
2.8 14.1 59.2 0.0 0.0 23.9 0.0
1.5 14.7 60.3 0.0 0.0 23.5 0.0
2.5 17.5 56.2 0.0 0.0 23.8 0.0
4.4 10.3 58.8 0.0 0.0 26.5 0.0
1.5 19.1 55.9 0.0 0.0 23.5 0.0
2.8 11.3 59.2 0.0 0.0 26.8 0.0
5.8 11.6 59.4 0.0 0.0 23.2 0.0
1.4 11.4 60.0 0.0 0.0 27.1 0.0
2.9 19.1 55.9 0.0 0.0 22.1 0.0
4.2 12.7 57.7 0.0 0.0 25.4 0.0
2.9 10.3 61.8 0.0 0.0 25.0 0.0
2.9 10.3 61.8 0.0 0.0 25.0 0.0
1.4 11.6 62.3 0.0 0.0 24.6 0.0
4.1 13.7 56.2 0.0 0.0 26.0 0.0
1.5 11.9 61.2 0.0 0.0 25.4 0.0
1.5 13.2 61.8 0.0 0.0 23.5 0.0
6.0 10.4 61.2 0.0 0.0 22.4 0.0
1.4 12.9 60.0 0.0 0.0 25.7 0.0
2.8 15.5 59.2 0.0 0.0 22.5 0.0
4.3 15.9 58.0 0.0 0.0 21.7 0.0
1.5 8.8 61.8 0.0 0.0 27.9 0.0
2.9 8.7 60.9 0.0 0.0 27.5 0.0
4.5 10.4 61.2 0.0 0.0 23.9 0.0
2.9 15.9 58.0 0.0 0.0 23.2 0.0
2.9 15.7 57.1 0.0 0.0 24.3 0.0
1.5 10.3 60.3 0.0 0.0 27.9 0.0
1.4 10.1 60.9 0.0 0.0 27.5 0.0
2.9 13.2 60.3 0.0 0.0 23.5 0.0
2.8 14.1 57.7 0.0 0.0 25.4 0.0
0.0 11.9 61.2 0.0 0.0 26.9 0.0
1.6 10.9 64.1 0.0 0.0 23.4 0.0
0.0 11.9 62.7 0.0 0.0 25.4 0.0
1.4 12.9 58.6 0.0 0.0 27.1 0.0
4.4 14.7 57.4 0.0 0.0 23.5 0.0
2.9 14.7 57.4 0.0 0.0 25.0 0.0
4.3 10.1 59.4 0.0 0.0 26.1 0.0
0.0 13.2 60.3 0.0 0.0 26.5 0.0
1.5 12.1 63.6 0.0 0.0 22.7 0.0
2.9 13.0 63.8 0.0 0.0 20.3 0.0
0.0 7.5 59.7 0.0 0.0 32.8 0.0
1.5 11.8 61.8 0.0 0.0 25.0 0.0
1.4 11.4 60.0 0.0 0.0 27.1 0.0
0.0 13.2 61.8 0.0 0.0 25.0 0.0
2.9 11.4 57.1 0.0 0.0 28.6 0.0
4.1 16.2 79.7 0.0 0.0 0.0 0.0
0.0 5.3 94.7 0.0 0.0 0.0 0.0
1.3 6.7 92.0 0.0 0.0 0.0 0.0
1.4 4.1 94.6 0.0 0.0 0.0 0.0
2.8 6.9 90.3 0.0 0.0 0.0 0.0
2.8 4.2 93.1 0.0 0.0 0.0 0.0
