0.0 5.4 94.6 0.0 0.0 0.0 0.0
5.4 27.0 67.6 0.0 0.0 0.0 0.0
1.4 4.1 94.6 0.0 0.0 0.0 0.0
3.9 9.1 72.7 13.0 0.0 1.3 0.0
1.4 11.3 84.5 0.0 0.0 2.8 0.0
1.4 7.2 88.4 0.0 0.0 2.9 0.0
1.5 5.9 88.2 0.0 0.0 4.4 0.0
1.4 8.5 87.3 0.0 0.0 2.8 0.0
1.5 8.8 88.2 0.0 0.0 1.5 0.0
1.4 8.6 88.6 0.0 0.0 1.4 0.0
1.4 7.2 89.9 0.0 0.0 1.4 0.0
1.4 9.7 87.5 0.0 0.0 1.4 0.0
2.8 9.9 85.9 0.0 0.0 1.4 0.0
1.4 8.7 85.5 0.0 0.0 4.3 0.0
2.9 8.7 87.0 0.0 0.0 1.4 0.0
1.4 7.2 88.4 0.0 0.0 2.9 0.0
1.4 5.8 88.4 0.0 0.0 4.3 0.0
13.7 20.5 60.3 0.0 0.0 5.5 0.0
2.8 9.9 84.5 0.0 0.0 2.8 0.0
1.4 7.2 88.4 0.0 0.0 2.9 0.0
2.9 11.6 81.2 0.0 0.0 4.3 0.0
1.4 8.6 87.1 0.0 0.0 2.9 0.0
2.9 10.0 81.4 0.0 0.0 5.7 0.0
1.4 8.6 85.7 0.0 0.0 4.3 0.0
0.0 11.3 85.9 0.0 0.0 2.8 0.0
0.0 10.0 88.6 0.0 0.0 1.4 0.0
0.0 12.3 84.9 0.0 0.0 2.7 0.0
3.9 11.8 78.9 0.0 0.0 5.3 0.0
1.5 7.4 86.8 0.0 0.0 4.4 0.0
2.8 8.5 85.9 0.0 0.0 2.8 0.0
1.4 12.2 82.4 0.0 0.0 4.1 0.0
1.4 7.0 85.9 0.0 0.0 5.6 0.0
1.4 14.3 81.4 0.0 0.0 2.9 0.0
2.9 8.6 85.7 0.0 0.0 2.9 0.0
0.0 7.1 88.6 0.0 0.0 4.3 0.0
2.9 5.7 85.7 0.0 0.0 5.7 0.0
1.4 7.2 87.0 0.0 0.0 4.3 0.0
5.3 13.3 78.7 0.0 0.0 2.7 0.0
2.8 9.9 83.1 0.0 0.0 4.2 0.0
2.9 5.8 88.4 0.0 0.0 2.9 0.0
1.4 8.6 85.7 0.0 0.0 4.3 0.0
2.9 5.7 87.1 0.0 0.0 4.3 0.0
2.9 13.2 82.4 0.0 0.0 1.5 0.0
2.9 8.7 87.0 0.0 0.0 1.4 0.0
0.0 8.6 88.6 0.0 0.0 2.9 0.0
0.0 7.4 89.7 0.0 0.0 2.9 0.0
1.4 9.5 85.1 0.0 0.0 4.1 0.0
2.9 11.6 82.6 0.0 0.0 2.9 0.0
1.4 10.0 87.1 0.0 0.0 1.4 0.0
2.9 5.8 88.4 0.0 0.0 2.9 0.0
1.5 4.5 89.6 0.0 0.0 4.5 0.0
1.4 10.1 88.4 0.0 0.0 0.0 0.0
1.4 12.9 81.4 0.0 0.0 4.3 0.0
1.4 8.5 85.9 0.0 0.0 4.2 0.0
1.3 5.3 93.4 0.0 0.0 0.0 0.0
1.4 4.1 94.6 0.0 0.0 0.0 0.0
1.3 4.0 94.7 0.0 0.0 0.0 0.0
2.7 9.5 87.8 0.0 0.0 0.0 0.0
1.3 5.3 93.3 0.0 0.0 0.0 0.0
8.0 17.3 74.7 0.0 0.0 0.0 0.0
