2.6 5.3 92.1 0.0 0.0 0.0 0.0
1.3 5.1 93.6 0.0 0.0 0.0 0.0
1.3 6.5 92.2 0.0 0.0 0.0 0.0
5.3 9.2 85.5 0.0 0.0 0.0 0.0
1.4 11.0 84.9 0.0 0.0 2.7 0.0
2.7 10.7 82.7 0.0 0.0 4.0 0.0
1.4 9.7 87.5 0.0 0.0 1.4 0.0
2.8 8.5 85.9 0.0 0.0 2.8 0.0
0.0 9.7 87.5 0.0 0.0 2.8 0.0
2.7 11.0 83.6 0.0 0.0 2.7 0.0
1.4 9.5 85.1 0.0 0.0 4.1 0.0
2.7 8.0 84.0 0.0 0.0 5.3 0.0
2.9 7.1 88.6 0.0 0.0 1.4 0.0
1.3 10.3 84.6 0.0 0.0 3.8 0.0
1.4 9.6 83.6 0.0 0.0 5.5 0.0
1.4 8.3 88.9 0.0 0.0 1.4 0.0
0.0 11.3 85.9 0.0 0.0 2.8 0.0
0.0 9.7 87.5 0.0 0.0 2.8 0.0
0.0 11.3 83.1 0.0 0.0 5.6 0.0
1.4 11.6 85.5 0.0 0.0 1.4 0.0
4.2 6.9 87.5 0.0 0.0 1.4 0.0
1.4 8.6 87.1 0.0 0.0 2.9 0.0
2.9 7.1 87.1 0.0 0.0 2.9 0.0
2.6 14.3 79.2 0.0 0.0 3.9 0.0
4.3 7.2 87.0 0.0 0.0 1.4 0.0
1.4 6.9 87.5 0.0 0.0 4.2 0.0
0.0 9.5 86.5 0.0 0.0 4.1 0.0
1.4 8.5 88.7 0.0 0.0 1.4 0.0
17.1 10.0 70.0 0.0 0.0 2.9 0.0
2.7 13.5 82.4 0.0 0.0 1.4 0.0
2.9 5.7 90.0 0.0 0.0 1.4 0.0
2.8 9.7 84.7 0.0 0.0 2.8 0.0
2.7 12.0 84.0 0.0 0.0 1.3 0.0
4.1 13.5 79.7 0.0 0.0 2.7 0.0
1.4 9.9 85.9 0.0 0.0 2.8 0.0
2.9 5.8 89.9 0.0 0.0 1.4 0.0
8.3 16.7 69.4 0.0 0.0 5.6 0.0
8.3 15.3 70.8 0.0 0.0 5.6 0.0
2.7 16.4 75.3 0.0 0.0 5.5 0.0
2.6 6.6 86.8 0.0 0.0 3.9 0.0
0.0 11.3 85.9 0.0 0.0 2.8 0.0
3.9 5.3 86.8 0.0 0.0 3.9 0.0
3.9 9.1 79.2 0.0 0.0 7.8 0.0
2.7 11.0 82.2 0.0 0.0 4.1 0.0
1.4 9.5 85.1 0.0 0.0 4.1 0.0
2.8 11.1 81.9 0.0 0.0 4.2 0.0
4.1 8.1 83.8 0.0 0.0 4.1 0.0
2.9 5.8 89.9 0.0 0.0 1.4 0.0
1.4 9.7 86.1 0.0 0.0 2.8 0.0
4.0 9.3 81.3 0.0 0.0 5.3 0.0
0.0 9.9 87.3 0.0 0.0 2.8 0.0
1.3 7.8 85.7 0.0 0.0 5.2 0.0
1.4 11.0 83.6 0.0 0.0 4.1 0.0
9.9 28.2 53.5 0.0 0.0 7.0 0.0
3.8 5.1 91.0 0.0 0.0 0.0 0.0
0.0 6.6 93.4 0.0 0.0 0.0 0.0
1.3 3.9 94.7 0.0 0.0 0.0 0.0
2.7 5.4 91.9 0.0 0.0 0.0 0.0
1.3 3.9 94.7 0.0 0.0 0.0 0.0
2.7 4.0 93.3 0.0 0.0 0.0 0.0
