4.1 16.2 79.7 0.0 0.0 0.0 0.0
1.3 5.3 93.4 0.0 0.0 0.0 0.0
0.0 8.2 91.8 0.0 0.0 0.0 0.0
1.5 13.8 83.1 0.0 0.0 1.5 0.0
3.0 11.9 80.6 0.0 0.0 4.5 0.0
0.0 17.9 77.6 0.0 0.0 4.5 0.0
3.1 15.4 80.0 0.0 0.0 1.5 0.0
6.2 12.3 76.9 0.0 0.0 4.6 0.0
1.5 16.4 77.6 0.0 0.0 4.5 0.0
1.5 14.7 79.4 0.0 0.0 4.4 0.0
1.6 15.9 81.0 0.0 0.0 1.6 0.0
3.0 12.1 80.3 0.0 0.0 4.5 0.0
6.0 10.4 79.1 0.0 0.0 4.5 0.0
3.1 15.6 81.2 0.0 0.0 0.0 0.0
0.0 17.5 81.0 0.0 0.0 1.6 0.0
1.5 15.2 80.3 0.0 0.0 3.0 0.0
0.0 15.2 80.3 0.0 0.0 4.5 0.0
1.5 19.7 77.3 0.0 0.0 1.5 0.0
3.0 14.9 77.6 0.0 0.0 4.5 0.0
2.9 17.1 75.7 0.0 0.0 4.3 0.0
1.5 16.7 78.8 0.0 0.0 3.0 0.0
0.0 14.5 83.9 0.0 0.0 1.6 0.0
3.0 15.2 78.8 0.0 0.0 3.0 0.0
3.0 14.9 79.1 0.0 0.0 3.0 0.0
2.5 11.2 80.0 0.0 0.0 6.2 0.0
3.0 16.4 76.1 0.0 0.0 4.5 0.0
3.1 15.4 80.0 0.0 0.0 1.5 0.0
1.5 17.9 76.1 0.0 0.0 4.5 0.0
5.0 21.2 67.5 0.0 0.0 6.2 0.0
1.5 13.8 80.0 0.0 0.0 4.6 0.0
1.4 9.7 81.9 0.0 0.0 6.9 0.0
8.7 20.3 62.3 0.0 0.0 8.7 0.0
1.6 14.3 84.1 0.0 0.0 0.0 0.0
1.6 12.7 81.0 0.0 0.0 4.8 0.0
3.1 13.8 78.5 0.0 0.0 4.6 0.0
1.6 11.3 83.9 0.0 0.0 3.2 0.0
4.5 16.7 75.8 0.0 0.0 3.0 0.0
3.1 14.1 79.7 0.0 0.0 3.1 0.0
1.5 13.8 81.5 0.0 0.0 3.1 0.0
1.6 12.9 82.3 0.0 0.0 3.2 0.0
1.6 11.1 84.1 0.0 0.0 3.2 0.0
1.6 18.8 75.0 0.0 0.0 4.7 0.0
1.6 11.3 83.9 0.0 0.0 3.2 0.0
1.6 14.1 81.2 0.0 0.0 3.1 0.0
3.1 12.5 79.7 0.0 0.0 4.7 0.0
3.2 12.7 84.1 0.0 0.0 0.0 0.0
7.1 17.1 68.6 0.0 0.0 7.1 0.0
2.6 15.6 75.3 0.0 0.0 6.5 0.0
3.1 12.3 81.5 0.0 0.0 3.1 0.0
1.2 14.5 77.1 0.0 0.0 7.2 0.0
4.2 16.9 71.8 0.0 0.0 7.0 0.0
3.1 13.8 78.5 0.0 0.0 4.6 0.0
1.5 16.4 79.1 0.0 0.0 3.0 0.0
1.4 5.6 93.1 0.0 0.0 0.0 0.0
0.0 5.3 94.7 0.0 0.0 0.0 0.0
2.6 7.9 89.5 0.0 0.0 0.0 0.0
2.8 8.5 88.7 0.0 0.0 0.0 0.0
1.4 4.1 94.6 0.0 0.0 0.0 0.0
0.0 5.6 94.4 0.0 0.0 0.0 0.0
0.0 4.1 95.9 0.0 0.0 0.0 0.0
