5.1 5.1 89.9 0.0 0.0 0.0 0.0
3.8 9.0 87.2 0.0 0.0 0.0 0.0
2.6 6.4 91.0 0.0 0.0 0.0 0.0
2.7 2.7 94.7 0.0 0.0 0.0 0.0
5.5 19.2 54.8 0.0 0.0 20.5 0.0
1.4 9.9 77.5 0.0 0.0 11.3 0.0
3.0 13.6 74.2 0.0 0.0 9.1 0.0
1.5 10.3 79.4 0.0 0.0 8.8 0.0
2.9 8.8 80.9 0.0 0.0 7.4 0.0
1.6 9.4 82.8 0.0 0.0 6.2 0.0
1.4 12.9 77.1 0.0 0.0 8.6 0.0
4.3 12.9 72.9 0.0 0.0 10.0 0.0
1.5 9.0 80.6 0.0 0.0 9.0 0.0
15.7 10.0 64.3 0.0 0.0 10.0 0.0
2.9 13.2 77.9 0.0 0.0 5.9 0.0
0.0 13.2 79.4 0.0 0.0 7.4 0.0
2.9 15.9 72.5 0.0 0.0 8.7 0.0
4.3 8.7 76.8 0.0 0.0 10.1 0.0
3.0 9.0 79.1 0.0 0.0 9.0 0.0
2.9 13.2 77.9 0.0 0.0 5.9 0.0
3.0 9.0 80.6 0.0 0.0 7.5 0.0
2.8 16.9 70.4 0.0 0.0 9.9 0.0
1.2 9.6 78.3 0.0 0.0 10.8 0.0
3.0 6.1 80.3 0.0 0.0 10.6 0.0
1.4 14.3 77.1 0.0 0.0 7.1 0.0
2.7 8.2 75.3 0.0 0.0 13.7 0.0
1.5 13.2 76.5 0.0 0.0 8.8 0.0
1.4 10.0 77.1 0.0 0.0 11.4 0.0
1.4 12.3 60.3 11.0 0.0 15.1 0.0
2.8 11.1 75.0 0.0 0.0 11.1 0.0
1.5 10.6 81.8 0.0 0.0 6.1 0.0
2.5 7.4 80.2 0.0 0.0 9.9 0.0
2.9 10.0 78.6 0.0 0.0 8.6 0.0
3.0 12.1 78.8 0.0 0.0 6.1 0.0
1.4 15.7 72.9 0.0 0.0 10.0 0.0
2.8 12.7 73.2 0.0 0.0 11.3 0.0
2.4 8.2 76.5 0.0 0.0 12.9 0.0
2.9 13.2 77.9 0.0 0.0 5.9 0.0
1.4 11.6 79.7 0.0 0.0 7.2 0.0
3.1 12.3 78.5 0.0 0.0 6.2 0.0
0.0 10.4 80.6 0.0 0.0 9.0 0.0
2.9 10.0 78.6 0.0 0.0 8.6 0.0
6.9 13.9 70.8 0.0 0.0 8.3 0.0
1.2 9.4 78.8 0.0 0.0 10.6 0.0
2.7 12.0 70.7 0.0 0.0 14.7 0.0
3.0 11.9 80.6 0.0 0.0 4.5 0.0
20.5 20.5 41.1 0.0 0.0 17.8 0.0
2.9 11.6 76.8 0.0 0.0 8.7 0.0
1.4 11.6 79.7 0.0 0.0 7.2 0.0
4.5 11.9 77.6 0.0 0.0 6.0 0.0
1.5 11.8 79.4 0.0 0.0 7.4 0.0
1.4 12.9 75.7 0.0 0.0 10.0 0.0
0.0 10.1 78.3 0.0 0.0 11.6 0.0
1.3 5.2 93.5 0.0 0.0 0.0 0.0
2.6 7.8 89.6 0.0 0.0 0.0 0.0
1.3 3.9 94.8 0.0 0.0 0.0 0.0
2.6 6.5 90.9 0.0 0.0 0.0 0.0
1.3 4.0 94.7 0.0 0.0 0.0 0.0
2.5 6.3 91.1 0.0 0.0 0.0 0.0
2.6 5.1 92.3 0.0 0.0 0.0 0.0
