2.5 5.1 92.4 0.0 0.0 0.0 0.0
2.6 6.5 90.9 0.0 0.0 0.0 0.0
1.3 6.4 92.3 0.0 0.0 0.0 0.0
1.4 5.4 93.2 0.0 0.0 0.0 0.0
1.4 8.6 80.0 7.1 0.0 2.9 0.0
2.7 5.4 87.8 0.0 0.0 4.1 0.0
1.4 12.7 80.3 0.0 0.0 5.6 0.0
4.3 5.7 85.7 0.0 0.0 4.3 0.0
10.3 16.2 66.2 0.0 0.0 7.4 0.0
0.0 5.7 88.6 0.0 0.0 5.7 0.0
3.7 9.8 80.5 0.0 0.0 6.1 0.0
2.9 8.6 82.9 0.0 0.0 5.7 0.0
1.4 14.1 80.3 0.0 0.0 4.2 0.0
1.5 7.4 88.2 0.0 0.0 2.9 0.0
0.0 8.6 87.1 0.0 0.0 4.3 0.0
1.4 10.0 85.7 0.0 0.0 2.9 0.0
1.5 6.0 89.6 0.0 0.0 3.0 0.0
2.6 9.0 82.1 0.0 0.0 6.4 0.0
0.0 9.7 86.1 0.0 0.0 4.2 0.0
1.2 10.0 83.8 0.0 0.0 5.0 0.0
2.7 8.2 84.9 0.0 0.0 4.1 0.0
3.0 6.0 89.6 0.0 0.0 1.5 0.0
1.4 15.3 79.2 0.0 0.0 4.2 0.0
1.4 7.2 89.9 0.0 0.0 1.4 0.0
2.8 9.7 84.7 0.0 0.0 2.8 0.0
2.8 11.3 78.9 0.0 0.0 7.0 0.0
1.3 6.5 87.0 0.0 0.0 5.2 0.0
2.8 9.9 81.7 0.0 0.0 5.6 0.0
0.0 7.6 84.8 0.0 0.0 7.6 0.0
1.5 7.5 88.1 0.0 0.0 3.0 0.0
5.8 8.7 79.7 0.0 0.0 5.8 0.0
4.2 5.6 87.5 0.0 0.0 2.8 0.0
2.9 8.6 85.7 0.0 0.0 2.9 0.0
0.0 9.5 85.1 0.0 0.0 5.4 0.0
2.9 12.9 81.4 0.0 0.0 2.9 0.0
2.8 8.3 86.1 0.0 0.0 2.8 0.0
0.0 10.0 84.3 0.0 0.0 5.7 0.0
2.9 8.6 82.9 0.0 0.0 5.7 0.0
0.0 8.7 89.9 0.0 0.0 1.4 0.0
2.6 6.4 84.6 0.0 0.0 6.4 0.0
4.4 8.8 82.4 0.0 0.0 4.4 0.0
2.9 10.0 84.3 0.0 0.0 2.9 0.0
2.8 9.9 83.1 0.0 0.0 4.2 0.0
2.8 11.1 83.3 0.0 0.0 2.8 0.0
2.7 5.5 87.7 0.0 0.0 4.1 0.0
4.2 11.3 80.3 0.0 0.0 4.2 0.0
2.7 8.1 85.1 0.0 0.0 4.1 0.0
2.8 7.0 84.5 0.0 0.0 5.6 0.0
1.4 6.9 86.1 0.0 0.0 5.6 0.0
1.5 7.4 89.7 0.0 0.0 1.5 0.0
7.2 13.0 72.5 0.0 0.0 7.2 0.0
2.8 8.3 86.1 0.0 0.0 2.8 0.0
1.4 8.7 87.0 0.0 0.0 2.9 0.0
2.6 6.5 90.9 0.0 0.0 0.0 0.0
1.3 3.9 94.7 0.0 0.0 0.0 0.0
2.7 8.1 89.2 0.0 0.0 0.0 0.0
1.3 7.7 91.0 0.0 0.0 0.0 0.0
0.0 6.6 93.4 0.0 0.0 0.0 0.0
2.6 9.1 88.3 0.0 0.0 0.0 0.0
3.9 2.6 93.4 0.0 0.0 0.0 0.0
