1.3 7.8 90.9 0.0 0.0 0.0 0.0
4.0 17.3 77.3 0.0 0.0 0.0 0.0
1.4 8.1 90.5 0.0 0.0 0.0 0.0
1.2 16.2 78.8 0.0 0.0 3.8 0.0
2.9 12.9 82.9 0.0 0.0 1.4 0.0
1.4 14.3 82.9 0.0 0.0 1.4 0.0
2.8 12.7 83.1 0.0 0.0 1.4 0.0
5.6 15.5 77.5 0.0 0.0 1.4 0.0
0.0 10.6 89.4 0.0 0.0 0.0 0.0
1.5 13.2 85.3 0.0 0.0 0.0 0.0
1.4 13.0 82.6 0.0 0.0 2.9 0.0
1.4 13.9 83.3 0.0 0.0 1.4 0.0
3.0 13.4 80.6 0.0 0.0 3.0 0.0
1.4 13.9 83.3 0.0 0.0 1.4 0.0
1.4 14.1 81.7 0.0 0.0 2.8 0.0
2.9 10.0 84.3 0.0 0.0 2.9 0.0
1.3 10.3 83.3 0.0 0.0 5.1 0.0
0.0 16.9 78.9 0.0 0.0 4.2 0.0
0.0 11.3 84.5 0.0 0.0 4.2 0.0
1.4 9.9 83.1 0.0 0.0 5.6 0.0
2.9 10.0 84.3 0.0 0.0 2.9 0.0
1.3 13.3 82.7 0.0 0.0 2.7 0.0
5.6 16.7 76.4 0.0 0.0 1.4 0.0
2.9 11.6 84.1 0.0 0.0 1.4 0.0
1.5 13.2 83.8 0.0 0.0 1.5 0.0
1.5 10.3 86.8 0.0 0.0 1.5 0.0
2.8 9.9 83.1 0.0 0.0 4.2 0.0
1.4 11.6 84.1 0.0 0.0 2.9 0.0
1.4 11.4 84.3 0.0 0.0 2.9 0.0
2.8 12.7 81.7 0.0 0.0 2.8 0.0
0.0 10.7 86.7 0.0 0.0 2.7 0.0
1.4 14.1 83.1 0.0 0.0 1.4 0.0
4.3 11.6 82.6 0.0 0.0 1.4 0.0
1.4 11.6 85.5 0.0 0.0 1.4 0.0
3.0 11.9 85.1 0.0 0.0 0.0 0.0
1.4 9.9 84.5 0.0 0.0 4.2 0.0
4.3 12.9 80.0 0.0 0.0 2.9 0.0
2.7 16.4 79.5 0.0 0.0 1.4 0.0
1.4 11.6 85.5 0.0 0.0 1.4 0.0
1.3 12.7 82.3 0.0 0.0 3.8 0.0
2.6 12.8 80.8 0.0 0.0 3.8 0.0
2.9 11.4 81.4 0.0 0.0 4.3 0.0
2.9 10.1 84.1 0.0 0.0 2.9 0.0
16.7 29.5 50.0 0.0 0.0 3.8 0.0
0.0 14.3 84.3 0.0 0.0 1.4 0.0
1.4 14.3 78.6 0.0 0.0 5.7 0.0
2.8 14.1 80.3 0.0 0.0 2.8 0.0
4.1 13.7 78.1 0.0 0.0 4.1 0.0
2.8 11.3 81.7 0.0 0.0 4.2 0.0
1.4 12.9 82.9 0.0 0.0 2.9 0.0
2.8 18.1 76.4 0.0 0.0 2.8 0.0
1.4 12.7 83.1 0.0 0.0 2.8 0.0
1.4 11.4 84.3 0.0 0.0 2.9 0.0
2.7 5.3 92.0 0.0 0.0 0.0 0.0
1.3 5.2 93.5 0.0 0.0 0.0 0.0
4.0 8.0 88.0 0.0 0.0 0.0 0.0
3.9 5.2 90.9 0.0 0.0 0.0 0.0
1.3 5.3 93.4 0.0 0.0 0.0 0.0
2.6 5.2 92.2 0.0 0.0 0.0 0.0
3.9 5.2 90.9 0.0 0.0 0.0 0.0
