5.4 14.9 79.7 0.0 0.0 0.0 0.0
2.7 5.4 91.9 0.0 0.0 0.0 0.0
1.3 4.0 94.7 0.0 0.0 0.0 0.0
1.6 17.2 75.0 0.0 0.0 6.2 0.0
3.1 16.9 75.4 0.0 0.0 4.6 0.0
1.3 11.8 76.3 0.0 0.0 10.5 0.0
1.5 15.4 75.4 0.0 0.0 7.7 0.0
1.6 12.5 84.4 0.0 0.0 1.6 0.0
1.6 17.2 75.0 0.0 0.0 6.2 0.0
1.6 14.3 79.4 0.0 0.0 4.8 0.0
3.0 15.2 72.7 0.0 0.0 9.1 0.0
3.2 14.3 77.8 0.0 0.0 4.8 0.0
1.6 13.1 80.3 0.0 0.0 4.9 0.0
1.6 15.6 76.6 0.0 0.0 6.2 0.0
3.0 15.2 74.2 0.0 0.0 7.6 0.0
3.1 16.9 75.4 0.0 0.0 4.6 0.0
3.2 15.9 77.8 0.0 0.0 3.2 0.0
3.2 15.9 77.8 0.0 0.0 3.2 0.0
1.5 19.7 71.2 0.0 0.0 7.6 0.0
0.0 12.7 75.9 0.0 0.0 11.4 0.0
1.2 13.6 74.1 0.0 0.0 11.1 0.0
3.0 17.9 71.6 0.0 0.0 7.5 0.0
0.0 18.8 76.6 0.0 0.0 4.7 0.0
4.8 25.3 60.2 0.0 0.0 9.6 0.0
4.8 15.9 74.6 0.0 0.0 4.8 0.0
2.7 14.7 74.7 0.0 0.0 8.0 0.0
2.5 16.0 74.1 0.0 0.0 7.4 0.0
3.8 12.5 73.8 0.0 0.0 10.0 0.0
1.6 15.6 78.1 0.0 0.0 4.7 0.0
4.2 15.3 72.2 0.0 0.0 8.3 0.0
1.6 15.9 77.8 0.0 0.0 4.8 0.0
3.1 13.8 78.5 0.0 0.0 4.6 0.0
1.4 16.7 73.6 0.0 0.0 8.3 0.0
1.5 17.9 74.6 0.0 0.0 6.0 0.0
1.5 16.9 72.3 0.0 0.0 9.2 0.0
4.5 12.1 74.2 0.0 0.0 9.1 0.0
1.6 14.1 78.1 0.0 0.0 6.2 0.0
1.5 16.4 73.1 0.0 0.0 9.0 0.0
6.2 15.6 73.4 0.0 0.0 4.7 0.0
3.0 16.7 72.7 0.0 0.0 7.6 0.0
2.4 14.6 73.2 0.0 0.0 9.8 0.0
1.5 17.9 71.6 0.0 0.0 9.0 0.0
3.1 13.8 75.4 0.0 0.0 7.7 0.0
1.6 14.3 79.4 0.0 0.0 4.8 0.0
1.5 16.7 74.2 0.0 0.0 7.6 0.0
3.1 15.4 75.4 0.0 0.0 6.2 0.0
4.5 14.9 71.6 0.0 0.0 9.0 0.0
1.3 13.9 73.4 0.0 0.0 11.4 0.0
4.5 22.7 62.1 0.0 0.0 10.6 0.0
1.5 17.9 74.6 0.0 0.0 6.0 0.0
4.3 15.9 69.6 0.0 0.0 10.1 0.0
0.0 19.0 76.2 0.0 0.0 4.8 0.0
3.1 13.8 76.9 0.0 0.0 6.2 0.0
1.3 5.3 93.3 0.0 0.0 0.0 0.0
0.0 6.6 93.4 0.0 0.0 0.0 0.0
4.1 5.4 90.5 0.0 0.0 0.0 0.0
1.4 2.8 95.8 0.0 0.0 0.0 0.0
0.0 5.3 94.7 0.0 0.0 0.0 0.0
4.1 6.8 89.2 0.0 0.0 0.0 0.0
1.3 5.3 93.3 0.0 0.0 0.0 0.0
