2.7 5.3 92.0 0.0 0.0 0.0 0.0
2.8 27.8 69.4 0.0 0.0 0.0 0.0
1.4 4.1 94.6 0.0 0.0 0.0 0.0
2.7 4.1 78.4 13.5 0.0 1.4 0.0
3.0 10.4 71.6 0.0 0.0 14.9 0.0
1.5 7.7 80.0 0.0 0.0 10.8 0.0
1.5 12.1 78.8 0.0 0.0 7.6 0.0
1.5 10.6 78.8 0.0 0.0 9.1 0.0
2.9 13.2 76.5 0.0 0.0 7.4 0.0
1.5 10.8 76.9 0.0 0.0 10.8 0.0
1.5 13.2 75.0 0.0 0.0 10.3 0.0
2.5 11.2 76.2 0.0 0.0 10.0 0.0
0.0 12.3 80.0 0.0 0.0 7.7 0.0
0.0 9.4 84.4 0.0 0.0 6.2 0.0
2.9 11.6 73.9 0.0 0.0 11.6 0.0
2.5 8.8 76.2 0.0 0.0 12.5 0.0
1.5 9.0 77.6 0.0 0.0 11.9 0.0
1.6 10.9 79.7 0.0 0.0 7.8 0.0
0.0 11.4 78.5 0.0 0.0 10.1 0.0
3.0 15.2 74.2 0.0 0.0 7.6 0.0
3.0 10.6 78.8 0.0 0.0 7.6 0.0
1.5 7.7 81.5 0.0 0.0 9.2 0.0
3.1 7.8 81.2 0.0 0.0 7.8 0.0
2.5 11.1 76.5 0.0 0.0 9.9 0.0
3.1 12.5 79.7 0.0 0.0 4.7 0.0
3.0 10.6 78.8 0.0 0.0 7.6 0.0
1.5 11.9 77.6 0.0 0.0 9.0 0.0
1.3 7.6 77.2 0.0 0.0 13.9 0.0
3.0 9.1 80.3 0.0 0.0 7.6 0.0
2.9 10.3 76.5 0.0 0.0 10.3 0.0
1.7 6.7 86.7 0.0 0.0 5.0 0.0
1.5 16.9 67.7 0.0 0.0 12.3 0.0
1.5 8.8 79.4 0.0 0.0 10.3 0.0
1.5 10.4 80.6 0.0 0.0 7.5 0.0
1.5 11.9 77.6 0.0 0.0 9.0 0.0
1.5 12.3 81.5 0.0 0.0 4.6 0.0
1.4 12.5 72.2 0.0 0.0 13.9 0.0
1.5 9.1 80.3 0.0 0.0 9.1 0.0
2.9 11.8 76.5 0.0 0.0 8.8 0.0
1.5 11.9 77.6 0.0 0.0 9.0 0.0
2.9 14.7 77.9 0.0 0.0 4.4 0.0
1.6 9.4 81.2 0.0 0.0 7.8 0.0
1.5 10.3 80.9 0.0 0.0 7.4 0.0
1.4 13.0 73.9 0.0 0.0 11.6 0.0
3.0 11.9 79.1 0.0 0.0 6.0 0.0
1.5 11.9 79.1 0.0 0.0 7.5 0.0
3.1 9.4 79.7 0.0 0.0 7.8 0.0
0.0 12.1 80.3 0.0 0.0 7.6 0.0
1.5 10.4 77.6 0.0 0.0 10.4 0.0
4.4 13.2 75.0 0.0 0.0 7.4 0.0
0.0 9.2 81.5 0.0 0.0 9.2 0.0
3.0 9.0 77.6 0.0 0.0 10.4 0.0
1.5 10.4 79.1 0.0 0.0 9.0 0.0
3.1 12.3 80.0 0.0 0.0 4.6 0.0
1.4 4.1 94.6 0.0 0.0 0.0 0.0
1.4 5.4 93.2 0.0 0.0 0.0 0.0
0.0 7.0 93.0 0.0 0.0 0.0 0.0
0.0 6.6 93.4 0.0 0.0 0.0 0.0
2.7 4.1 93.2 0.0 0.0 0.0 0.0
1.4 2.7 95.9 0.0 0.0 0.0 0.0
