4.1 15.1 80.8 0.0 0.0 0.0 0.0
0.0 5.4 94.6 0.0 0.0 0.0 0.0
1.3 6.6 92.1 0.0 0.0 0.0 0.0
0.0 15.9 82.6 0.0 0.0 1.4 0.0
1.4 14.1 83.1 0.0 0.0 1.4 0.0
1.4 13.0 84.1 0.0 0.0 1.4 0.0
1.4 14.3 81.4 0.0 0.0 2.9 0.0
1.5 11.9 85.1 0.0 0.0 1.5 0.0
1.4 12.9 84.3 0.0 0.0 1.4 0.0
1.4 15.9 79.7 0.0 0.0 2.9 0.0
2.9 13.0 79.7 0.0 0.0 4.3 0.0
1.4 8.6 85.7 0.0 0.0 4.3 0.0
4.3 11.6 82.6 0.0 0.0 1.4 0.0
1.4 15.3 80.6 0.0 0.0 2.8 0.0
4.3 11.4 82.9 0.0 0.0 1.4 0.0
2.9 11.8 82.4 0.0 0.0 2.9 0.0
2.9 10.1 85.5 0.0 0.0 1.4 0.0
2.8 15.5 80.3 0.0 0.0 1.4 0.0
2.8 9.9 84.5 0.0 0.0 2.8 0.0
2.9 13.0 81.2 0.0 0.0 2.9 0.0
0.0 15.7 82.9 0.0 0.0 1.4 0.0
2.9 10.3 85.3 0.0 0.0 1.5 0.0
1.5 11.9 83.6 0.0 0.0 3.0 0.0
2.6 11.7 80.5 0.0 0.0 5.2 0.0
3.0 9.0 86.6 0.0 0.0 1.5 0.0
2.9 11.6 84.1 0.0 0.0 1.4 0.0
1.4 14.1 83.1 0.0 0.0 1.4 0.0
2.9 14.3 81.4 0.0 0.0 1.4 0.0
2.8 14.1 81.7 0.0 0.0 1.4 0.0
2.9 14.5 81.2 0.0 0.0 1.4 0.0
2.9 12.9 82.9 0.0 0.0 1.4 0.0
1.4 15.1 80.8 0.0 0.0 2.7 0.0
2.9 11.8 83.8 0.0 0.0 1.5 0.0
2.9 12.9 81.4 0.0 0.0 2.9 0.0
1.5 13.2 80.9 0.0 0.0 4.4 0.0
1.4 11.4 82.9 0.0 0.0 4.3 0.0
1.5 9.1 87.9 0.0 0.0 1.5 0.0
2.9 7.2 85.5 0.0 0.0 4.3 0.0
1.5 11.9 86.6 0.0 0.0 0.0 0.0
1.4 14.5 82.6 0.0 0.0 1.4 0.0
4.4 19.1 73.5 0.0 0.0 2.9 0.0
2.7 10.7 84.0 0.0 0.0 2.7 0.0
1.4 15.5 81.7 0.0 0.0 1.4 0.0
1.5 16.2 80.9 0.0 0.0 1.5 0.0
1.5 14.9 83.6 0.0 0.0 0.0 0.0
2.8 13.9 80.6 0.0 0.0 2.8 0.0
1.5 10.8 87.7 0.0 0.0 0.0 0.0
0.0 11.6 85.5 0.0 0.0 2.9 0.0
2.9 17.6 77.9 0.0 0.0 1.5 0.0
3.0 11.9 83.6 0.0 0.0 1.5 0.0
1.5 8.8 86.8 0.0 0.0 2.9 0.0
1.5 13.2 83.8 0.0 0.0 1.5 0.0
1.5 13.2 83.8 0.0 0.0 1.5 0.0
2.8 6.9 90.3 0.0 0.0 0.0 0.0
2.6 5.3 92.1 0.0 0.0 0.0 0.0
1.3 5.3 93.3 0.0 0.0 0.0 0.0
1.4 4.2 94.4 0.0 0.0 0.0 0.0
1.3 4.0 94.7 0.0 0.0 0.0 0.0
2.6 9.2 88.2 0.0 0.0 0.0 0.0
2.7 4.1 93.2 0.0 0.0 0.0 0.0
