2.6 7.7 89.7 0.0 0.0 0.0 0.0
1.3 5.2 93.5 0.0 0.0 0.0 0.0
1.3 6.6 92.1 0.0 0.0 0.0 0.0
1.4 18.8 65.2 0.0 0.0 14.5 0.0
2.9 20.6 60.3 0.0 0.0 16.2 0.0
1.5 19.1 64.7 0.0 0.0 14.7 0.0
3.1 15.4 67.7 0.0 0.0 13.8 0.0
0.0 20.0 62.9 0.0 0.0 17.1 0.0
0.0 19.7 66.7 0.0 0.0 13.6 0.0
2.9 19.1 61.8 0.0 0.0 16.2 0.0
2.8 18.3 62.0 0.0 0.0 16.9 0.0
1.5 16.4 65.7 0.0 0.0 16.4 0.0
2.9 19.1 63.2 0.0 0.0 14.7 0.0
2.9 14.7 66.2 0.0 0.0 16.2 0.0
3.0 20.9 61.2 0.0 0.0 14.9 0.0
1.4 18.8 63.8 0.0 0.0 15.9 0.0
1.4 17.4 65.2 0.0 0.0 15.9 0.0
1.5 16.7 68.2 0.0 0.0 13.6 0.0
2.9 18.6 64.3 0.0 0.0 14.3 0.0
5.6 18.3 62.0 0.0 0.0 14.1 0.0
3.1 15.4 69.2 0.0 0.0 12.3 0.0
4.4 13.2 66.2 0.0 0.0 16.2 0.0
1.5 15.4 70.8 0.0 0.0 12.3 0.0
1.5 17.6 67.6 0.0 0.0 13.2 0.0
1.5 21.2 62.1 0.0 0.0 15.2 0.0
4.5 14.9 65.7 0.0 0.0 14.9 0.0
0.0 16.7 68.2 0.0 0.0 15.2 0.0
2.9 16.2 66.2 0.0 0.0 14.7 0.0
1.4 18.8 65.2 0.0 0.0 14.5 0.0
3.1 18.5 64.6 0.0 0.0 13.8 0.0
2.9 15.9 63.8 0.0 0.0 17.4 0.0
3.1 15.6 68.8 0.0 0.0 12.5 0.0
1.4 21.1 64.8 0.0 0.0 12.7 0.0
2.8 16.9 64.8 0.0 0.0 15.5 0.0
4.5 17.9 62.7 0.0 0.0 14.9 0.0
3.0 18.2 63.6 0.0 0.0 15.2 0.0
1.4 14.5 66.7 0.0 0.0 17.4 0.0
7.0 15.5 62.0 0.0 0.0 15.5 0.0
1.5 15.2 66.7 0.0 0.0 16.7 0.0
1.5 24.2 62.1 0.0 0.0 12.1 0.0
0.0 19.4 67.2 0.0 0.0 13.4 0.0
1.4 15.7 65.7 0.0 0.0 17.1 0.0
4.5 16.4 65.7 0.0 0.0 13.4 0.0
0.0 14.3 71.4 0.0 0.0 14.3 0.0
1.4 23.2 59.4 0.0 0.0 15.9 0.0
1.5 18.2 68.2 0.0 0.0 12.1 0.0
1.5 17.9 67.2 0.0 0.0 13.4 0.0
2.9 18.6 62.9 0.0 0.0 15.7 0.0
3.1 12.3 67.7 0.0 0.0 16.9 0.0
4.3 23.2 58.0 0.0 0.0 14.5 0.0
2.9 17.1 67.1 0.0 0.0 12.9 0.0
1.5 16.4 65.7 0.0 0.0 16.4 0.0
3.0 17.9 65.7 0.0 0.0 13.4 0.0
1.3 3.9 94.7 0.0 0.0 0.0 0.0
2.6 10.5 86.8 0.0 0.0 0.0 0.0
2.6 5.2 92.2 0.0 0.0 0.0 0.0
3.9 6.6 89.5 0.0 0.0 0.0 0.0
1.3 6.6 92.1 0.0 0.0 0.0 0.0
0.0 5.3 94.7 0.0 0.0 0.0 0.0
1.3 6.6 92.1 0.0 0.0 0.0 0.0
