1.3 3.9 94.8 0.0 0.0 0.0 0.0
6.4 7.7 85.9 0.0 0.0 0.0 0.0
2.5 5.1 92.4 0.0 0.0 0.0 0.0
0.0 7.8 92.2 0.0 0.0 0.0 0.0
2.8 12.7 59.2 0.0 0.0 25.4 0.0
1.4 12.9 60.0 0.0 0.0 25.7 0.0
4.4 17.6 51.5 0.0 0.0 26.5 0.0
1.4 13.5 59.5 0.0 0.0 25.7 0.0
2.8 11.1 58.3 0.0 0.0 27.8 0.0
2.8 11.1 61.1 0.0 0.0 25.0 0.0
2.8 15.5 59.2 0.0 0.0 22.5 0.0
2.7 15.1 53.4 0.0 0.0 28.8 0.0
1.4 16.7 59.7 0.0 0.0 22.2 0.0
1.4 13.7 57.5 0.0 0.0 27.4 0.0
1.4 16.7 59.7 0.0 0.0 22.2 0.0
2.8 13.9 56.9 0.0 0.0 26.4 0.0
2.8 15.3 56.9 0.0 0.0 25.0 0.0
2.9 11.4 61.4 0.0 0.0 24.3 0.0
2.7 15.1 54.8 0.0 0.0 27.4 0.0
0.0 14.1 60.6 0.0 0.0 25.4 0.0
1.4 15.1 58.9 0.0 0.0 24.7 0.0
2.8 15.3 56.9 0.0 0.0 25.0 0.0
6.8 27.0 41.9 0.0 0.0 24.3 0.0
2.8 18.3 54.9 0.0 0.0 23.9 0.0
1.4 15.5 57.7 0.0 0.0 25.4 0.0
8.2 21.9 42.5 0.0 0.0 27.4 0.0
2.6 14.3 54.5 0.0 0.0 28.6 0.0
1.4 9.6 58.9 0.0 0.0 30.1 0.0
4.1 10.8 55.4 0.0 0.0 29.7 0.0
2.7 10.8 58.1 0.0 0.0 28.4 0.0
1.4 16.9 59.2 0.0 0.0 22.5 0.0
2.8 15.5 59.2 0.0 0.0 22.5 0.0
2.7 13.5 56.8 0.0 0.0 27.0 0.0
2.8 12.5 55.6 0.0 0.0 29.2 0.0
1.4 15.3 59.7 0.0 0.0 23.6 0.0
4.0 17.3 53.3 0.0 0.0 25.3 0.0
1.4 11.0 58.9 0.0 0.0 28.8 0.0
2.7 15.1 57.5 0.0 0.0 24.7 0.0
1.4 16.7 59.7 0.0 0.0 22.2 0.0
6.9 29.2 37.5 0.0 0.0 26.4 0.0
2.9 11.6 59.4 0.0 0.0 26.1 0.0
2.8 16.7 58.3 0.0 0.0 22.2 0.0
1.4 12.5 58.3 0.0 0.0 27.8 0.0
4.3 15.7 55.7 0.0 0.0 24.3 0.0
4.0 18.7 48.0 0.0 0.0 29.3 0.0
2.7 16.2 55.4 0.0 0.0 25.7 0.0
2.8 11.3 59.2 0.0 0.0 26.8 0.0
4.1 13.5 56.8 0.0 0.0 25.7 0.0
2.8 14.1 59.2 0.0 0.0 23.9 0.0
4.1 17.8 52.1 0.0 0.0 26.0 0.0
2.8 13.9 58.3 0.0 0.0 25.0 0.0
0.0 13.5 58.1 0.0 0.0 28.4 0.0
2.7 13.7 56.2 0.0 0.0 27.4 0.0
1.4 15.3 59.7 0.0 0.0 23.6 0.0
1.3 9.3 89.3 0.0 0.0 0.0 0.0
0.0 6.5 93.5 0.0 0.0 0.0 0.0
1.3 5.3 93.4 0.0 0.0 0.0 0.0
2.6 7.7 89.7 0.0 0.0 0.0 0.0
6.4 17.9 75.6 0.0 0.0 0.0 0.0
3.9 6.6 89.5 0.0 0.0 0.0 0.0
