1.4 5.4 93.2 0.0 0.0 0.0 0.0
4.1 26.0 69.9 0.0 0.0 0.0 0.0
1.3 5.3 93.3 0.0 0.0 0.0 0.0
4.1 6.8 75.3 13.7 0.0 0.0 0.0
1.5 9.0 88.1 0.0 0.0 1.5 0.0
4.3 7.2 82.6 0.0 0.0 5.8 0.0
2.9 8.8 83.8 0.0 0.0 4.4 0.0
1.5 10.3 83.8 0.0 0.0 4.4 0.0
0.0 6.1 89.4 0.0 0.0 4.5 0.0
3.0 6.0 86.6 0.0 0.0 4.5 0.0
2.9 5.9 86.8 0.0 0.0 4.4 0.0
4.3 5.8 84.1 0.0 0.0 5.8 0.0
1.4 10.0 84.3 0.0 0.0 4.3 0.0
1.5 7.4 85.3 0.0 0.0 5.9 0.0
1.5 7.7 89.2 0.0 0.0 1.5 0.0
0.0 7.6 89.4 0.0 0.0 3.0 0.0
1.5 9.1 87.9 0.0 0.0 1.5 0.0
0.0 10.4 88.1 0.0 0.0 1.5 0.0
2.8 5.6 84.5 0.0 0.0 7.0 0.0
3.0 7.5 86.6 0.0 0.0 3.0 0.0
0.0 9.1 89.4 0.0 0.0 1.5 0.0
1.5 7.6 87.9 0.0 0.0 3.0 0.0
7.0 18.3 67.6 0.0 0.0 7.0 0.0
1.4 8.7 85.5 0.0 0.0 4.3 0.0
2.8 7.0 83.1 0.0 0.0 7.0 0.0
2.9 7.1 84.3 0.0 0.0 5.7 0.0
0.0 8.2 87.7 0.0 0.0 4.1 0.0
2.9 7.4 86.8 0.0 0.0 2.9 0.0
1.5 8.8 85.3 0.0 0.0 4.4 0.0
0.0 9.1 87.9 0.0 0.0 3.0 0.0
2.9 10.0 84.3 0.0 0.0 2.9 0.0
4.4 10.3 83.8 0.0 0.0 1.5 0.0
1.4 11.3 80.3 0.0 0.0 7.0 0.0
1.5 7.6 87.9 0.0 0.0 3.0 0.0
2.9 7.4 86.8 0.0 0.0 2.9 0.0
2.9 11.6 81.2 0.0 0.0 4.3 0.0
2.6 9.0 80.8 0.0 0.0 7.7 0.0
1.5 8.8 86.8 0.0 0.0 2.9 0.0
4.3 10.0 81.4 0.0 0.0 4.3 0.0
1.5 8.8 86.8 0.0 0.0 2.9 0.0
2.8 11.1 77.8 0.0 0.0 8.3 0.0
1.4 11.4 84.3 0.0 0.0 2.9 0.0
1.5 7.5 88.1 0.0 0.0 3.0 0.0
1.4 8.7 85.5 0.0 0.0 4.3 0.0
1.4 8.7 85.5 0.0 0.0 4.3 0.0
1.4 12.7 78.9 0.0 0.0 7.0 0.0
1.5 7.5 86.6 0.0 0.0 4.5 0.0
1.4 10.1 84.1 0.0 0.0 4.3 0.0
2.9 7.2 84.1 0.0 0.0 5.8 0.0
1.5 6.1 89.4 0.0 0.0 3.0 0.0
2.9 12.9 80.0 0.0 0.0 4.3 0.0
1.4 8.7 84.1 0.0 0.0 5.8 0.0
0.0 9.2 89.2 0.0 0.0 1.5 0.0
0.0 10.4 85.1 0.0 0.0 4.5 0.0
0.0 5.4 94.6 0.0 0.0 0.0 0.0
4.1 8.1 87.8 0.0 0.0 0.0 0.0
2.6 5.3 92.1 0.0 0.0 0.0 0.0
1.4 5.4 93.2 0.0 0.0 0.0 0.0
0.0 4.2 95.8 0.0 0.0 0.0 0.0
1.3 4.0 94.7 0.0 0.0 0.0 0.0
