4.1 16.4 79.5 0.0 0.0 0.0 0.0
6.7 4.0 89.3 0.0 0.0 0.0 0.0
2.7 4.1 93.2 0.0 0.0 0.0 0.0
1.4 16.9 64.8 0.0 0.0 16.9 0.0
1.4 20.3 63.8 0.0 0.0 14.5 0.0
3.0 18.2 63.6 0.0 0.0 15.2 0.0
0.0 18.5 66.2 0.0 0.0 15.4 0.0
4.4 17.6 63.2 0.0 0.0 14.7 0.0
4.6 27.7 49.2 0.0 0.0 18.5 0.0
0.0 20.0 67.7 0.0 0.0 12.3 0.0
4.4 16.2 63.2 0.0 0.0 16.2 0.0
3.1 20.0 61.5 0.0 0.0 15.4 0.0
3.0 18.2 65.2 0.0 0.0 13.6 0.0
0.0 19.1 66.2 0.0 0.0 14.7 0.0
3.0 17.9 64.2 0.0 0.0 14.9 0.0
1.5 18.5 66.2 0.0 0.0 13.8 0.0
3.0 14.9 65.7 0.0 0.0 16.4 0.0
1.6 17.5 68.3 0.0 0.0 12.7 0.0
1.5 20.0 66.2 0.0 0.0 12.3 0.0
1.5 16.7 66.7 0.0 0.0 15.2 0.0
3.0 19.4 61.2 0.0 0.0 16.4 0.0
3.0 20.9 62.7 0.0 0.0 13.4 0.0
1.4 16.2 66.2 0.0 0.0 16.2 0.0
3.0 16.7 68.2 0.0 0.0 12.1 0.0
1.5 15.2 65.2 0.0 0.0 18.2 0.0
1.5 23.5 58.8 0.0 0.0 16.2 0.0
1.5 20.9 64.2 0.0 0.0 13.4 0.0
1.6 15.9 68.3 0.0 0.0 14.3 0.0
1.4 19.7 62.0 0.0 0.0 16.9 0.0
1.6 17.2 68.8 0.0 0.0 12.5 0.0
1.6 17.2 67.2 0.0 0.0 14.1 0.0
3.0 16.7 65.2 0.0 0.0 15.2 0.0
3.1 18.5 63.1 0.0 0.0 15.4 0.0
3.1 16.9 63.1 0.0 0.0 16.9 0.0
1.5 17.9 65.7 0.0 0.0 14.9 0.0
0.0 18.8 60.9 0.0 0.0 20.3 0.0
2.9 19.1 63.2 0.0 0.0 14.7 0.0
1.5 18.2 66.7 0.0 0.0 13.6 0.0
1.5 16.4 67.2 0.0 0.0 14.9 0.0
1.5 16.9 67.7 0.0 0.0 13.8 0.0
3.0 18.2 65.2 0.0 0.0 13.6 0.0
3.0 15.2 68.2 0.0 0.0 13.6 0.0
1.5 20.0 66.2 0.0 0.0 12.3 0.0
1.5 15.4 69.2 0.0 0.0 13.8 0.0
1.5 13.8 67.7 0.0 0.0 16.9 0.0
1.5 18.5 66.2 0.0 0.0 13.8 0.0
3.0 14.9 64.2 0.0 0.0 17.9 0.0
1.5 18.2 65.2 0.0 0.0 15.2 0.0
1.6 17.5 69.8 0.0 0.0 11.1 0.0
1.6 17.5 69.8 0.0 0.0 11.1 0.0
1.6 19.4 66.1 0.0 0.0 12.9 0.0
3.1 15.6 68.8 0.0 0.0 12.5 0.0
1.5 20.0 66.2 0.0 0.0 12.3 0.0
3.9 10.5 85.5 0.0 0.0 0.0 0.0
2.6 5.2 92.2 0.0 0.0 0.0 0.0
0.0 5.3 94.7 0.0 0.0 0.0 0.0
2.7 8.2 79.5 9.6 0.0 0.0 0.0
4.1 8.1 87.8 0.0 0.0 0.0 0.0
1.4 4.1 94.6 0.0 0.0 0.0 0.0
1.4 6.8 91.9 0.0 0.0 0.0 0.0
