1.3 11.8 86.8 0.0 0.0 0.0 0.0
3.9 5.3 90.8 0.0 0.0 0.0 0.0
0.0 6.4 93.6 0.0 0.0 0.0 0.0
2.5 7.5 90.0 0.0 0.0 0.0 0.0
4.0 16.0 57.3 0.0 0.0 22.7 0.0
2.8 15.5 54.9 0.0 0.0 26.8 0.0
2.8 9.7 61.1 0.0 0.0 26.4 0.0
0.0 12.9 62.9 0.0 0.0 24.3 0.0
1.4 14.1 59.2 0.0 0.0 25.4 0.0
0.0 15.9 60.9 0.0 0.0 23.2 0.0
4.2 16.9 56.3 0.0 0.0 22.5 0.0
1.4 12.5 59.7 0.0 0.0 26.4 0.0
2.8 14.1 63.4 0.0 0.0 19.7 0.0
2.8 13.9 58.3 0.0 0.0 25.0 0.0
4.2 13.9 59.7 0.0 0.0 22.2 0.0
2.7 15.1 56.2 0.0 0.0 26.0 0.0
2.8 13.9 58.3 0.0 0.0 25.0 0.0
2.7 14.7 58.7 0.0 0.0 24.0 0.0
1.4 15.5 60.6 0.0 0.0 22.5 0.0
1.5 13.2 61.8 0.0 0.0 23.5 0.0
2.8 15.3 58.3 0.0 0.0 23.6 0.0
1.4 13.9 61.1 0.0 0.0 23.6 0.0
5.5 19.2 49.3 0.0 0.0 26.0 0.0
0.0 12.9 61.4 0.0 0.0 25.7 0.0
2.9 11.8 61.8 0.0 0.0 23.5 0.0
1.4 12.7 60.6 0.0 0.0 25.4 0.0
4.3 10.0 61.4 0.0 0.0 24.3 0.0
2.7 14.9 55.4 0.0 0.0 27.0 0.0
0.0 12.7 59.2 0.0 0.0 28.2 0.0
2.9 12.9 58.6 0.0 0.0 25.7 0.0
2.8 12.7 60.6 0.0 0.0 23.9 0.0
2.9 11.4 61.4 0.0 0.0 24.3 0.0
2.8 14.1 59.2 0.0 0.0 23.9 0.0
1.4 11.4 62.9 0.0 0.0 24.3 0.0
1.4 15.5 56.3 0.0 0.0 26.8 0.0
1.4 8.6 62.9 0.0 0.0 27.1 0.0
2.9 15.7 60.0 0.0 0.0 21.4 0.0
4.1 14.9 58.1 0.0 0.0 23.0 0.0
2.8 11.3 60.6 0.0 0.0 25.4 0.0
10.7 30.7 34.7 0.0 0.0 24.0 0.0
2.8 12.7 62.0 0.0 0.0 22.5 0.0
4.3 11.4 60.0 0.0 0.0 24.3 0.0
1.4 14.3 60.0 0.0 0.0 24.3 0.0
12.3 21.9 45.2 0.0 0.0 20.5 0.0
3.9 16.9 54.5 0.0 0.0 24.7 0.0
1.4 16.4 58.9 0.0 0.0 23.3 0.0
2.7 17.8 31.5 23.3 0.0 24.7 0.0
1.4 12.7 62.0 0.0 0.0 23.9 0.0
4.3 17.1 57.1 0.0 0.0 21.4 0.0
2.7 12.3 58.9 0.0 0.0 26.0 0.0
2.8 15.3 58.3 0.0 0.0 23.6 0.0
4.1 19.2 56.2 0.0 0.0 20.5 0.0
2.8 13.9 59.7 0.0 0.0 23.6 0.0
6.7 8.0 80.0 0.0 0.0 5.3 0.0
0.0 5.3 94.7 0.0 0.0 0.0 0.0
0.0 5.3 94.7 0.0 0.0 0.0 0.0
1.3 15.6 83.1 0.0 0.0 0.0 0.0
1.3 5.1 93.6 0.0 0.0 0.0 0.0
3.9 9.2 86.8 0.0 0.0 0.0 0.0
3.9 5.2 90.9 0.0 0.0 0.0 0.0
