1.3 9.1 89.6 0.0 0.0 0.0 0.0
1.3 6.6 92.1 0.0 0.0 0.0 0.0
3.8 5.1 91.0 0.0 0.0 0.0 0.0
2.7 12.2 85.1 0.0 0.0 0.0 0.0
2.6 7.9 85.5 0.0 0.0 3.9 0.0
1.4 8.5 87.3 0.0 0.0 2.8 0.0
0.0 11.3 85.9 0.0 0.0 2.8 0.0
1.3 5.3 88.0 0.0 0.0 5.3 0.0
2.9 8.6 84.3 0.0 0.0 4.3 0.0
0.0 8.6 88.6 0.0 0.0 2.9 0.0
1.4 7.2 88.4 0.0 0.0 2.9 0.0
2.6 9.2 84.2 0.0 0.0 3.9 0.0
1.4 5.7 91.4 0.0 0.0 1.4 0.0
5.3 14.7 76.0 0.0 0.0 4.0 0.0
0.0 11.1 86.1 0.0 0.0 2.8 0.0
1.4 9.6 84.9 0.0 0.0 4.1 0.0
1.4 8.2 84.9 0.0 0.0 5.5 0.0
2.7 8.2 86.3 0.0 0.0 2.7 0.0
3.9 13.2 76.3 0.0 0.0 6.6 0.0
0.0 8.1 86.5 0.0 0.0 5.4 0.0
2.7 8.2 84.9 0.0 0.0 4.1 0.0
0.0 8.6 88.6 0.0 0.0 2.9 0.0
1.4 9.7 86.1 0.0 0.0 2.8 0.0
1.4 8.3 86.1 0.0 0.0 4.2 0.0
1.3 9.1 85.7 0.0 0.0 3.9 0.0
8.3 27.8 61.1 0.0 0.0 2.8 0.0
1.3 12.0 84.0 0.0 0.0 2.7 0.0
6.9 12.5 75.0 0.0 0.0 5.6 0.0
2.6 11.8 81.6 0.0 0.0 3.9 0.0
1.4 10.8 85.1 0.0 0.0 2.7 0.0
3.9 9.2 82.9 0.0 0.0 3.9 0.0
1.4 9.7 86.1 0.0 0.0 2.8 0.0
0.0 11.0 86.3 0.0 0.0 2.7 0.0
2.7 8.2 86.3 0.0 0.0 2.7 0.0
1.4 9.5 86.5 0.0 0.0 2.7 0.0
4.0 6.7 84.0 0.0 0.0 5.3 0.0
1.3 8.0 86.7 0.0 0.0 4.0 0.0
2.9 7.1 88.6 0.0 0.0 1.4 0.0
2.7 8.1 85.1 0.0 0.0 4.1 0.0
1.4 9.6 86.3 0.0 0.0 2.7 0.0
2.8 11.1 84.7 0.0 0.0 1.4 0.0
1.4 5.7 90.0 0.0 0.0 2.9 0.0
4.1 13.7 76.7 0.0 0.0 5.5 0.0
2.7 8.2 84.9 0.0 0.0 4.1 0.0
1.4 11.0 84.9 0.0 0.0 2.7 0.0
2.8 8.3 83.3 0.0 0.0 5.6 0.0
0.0 12.3 83.6 0.0 0.0 4.1 0.0
2.8 6.9 86.1 0.0 0.0 4.2 0.0
0.0 8.5 88.7 0.0 0.0 2.8 0.0
2.8 11.3 83.1 0.0 0.0 2.8 0.0
1.4 9.6 86.3 0.0 0.0 2.7 0.0
5.6 8.3 80.6 0.0 0.0 5.6 0.0
2.7 12.2 81.1 0.0 0.0 4.1 0.0
1.4 5.4 91.9 0.0 0.0 1.4 0.0
2.7 4.0 93.3 0.0 0.0 0.0 0.0
0.0 5.3 94.7 0.0 0.0 0.0 0.0
3.9 7.9 88.2 0.0 0.0 0.0 0.0
1.3 6.4 92.3 0.0 0.0 0.0 0.0
2.6 3.9 93.4 0.0 0.0 0.0 0.0
2.6 6.6 90.8 0.0 0.0 0.0 0.0
