1.4 5.4 93.2 0.0 0.0 0.0 0.0
1.3 5.2 93.5 0.0 0.0 0.0 0.0
2.6 5.1 92.3 0.0 0.0 0.0 0.0
1.6 17.2 70.3 9.4 0.0 1.6 0.0
0.0 17.2 81.2 0.0 0.0 1.6 0.0
3.0 14.9 79.1 0.0 0.0 3.0 0.0
2.8 16.9 73.2 0.0 0.0 7.0 0.0
2.9 14.5 79.7 0.0 0.0 2.9 0.0
2.8 21.1 70.4 0.0 0.0 5.6 0.0
2.8 19.4 72.2 0.0 0.0 5.6 0.0
2.9 17.4 76.8 0.0 0.0 2.9 0.0
1.5 16.4 80.6 0.0 0.0 1.5 0.0
14.3 35.7 41.4 0.0 0.0 8.6 0.0
3.1 10.8 81.5 0.0 0.0 4.6 0.0
3.1 14.1 76.6 0.0 0.0 6.2 0.0
3.2 15.9 79.4 0.0 0.0 1.6 0.0
4.6 10.8 81.5 0.0 0.0 3.1 0.0
2.9 17.6 76.5 0.0 0.0 2.9 0.0
1.5 16.4 77.6 0.0 0.0 4.5 0.0
3.0 17.9 73.1 0.0 0.0 6.0 0.0
1.2 15.1 75.6 0.0 0.0 8.1 0.0
4.3 20.0 72.9 0.0 0.0 2.9 0.0
1.5 16.4 79.1 0.0 0.0 3.0 0.0
3.0 13.4 77.6 0.0 0.0 6.0 0.0
2.9 20.0 71.4 0.0 0.0 5.7 0.0
1.5 14.9 79.1 0.0 0.0 4.5 0.0
0.0 15.9 78.3 0.0 0.0 5.8 0.0
2.8 19.7 73.2 0.0 0.0 4.2 0.0
4.2 25.4 64.8 0.0 0.0 5.6 0.0
9.5 36.5 43.2 0.0 0.0 10.8 0.0
1.3 16.7 75.6 0.0 0.0 6.4 0.0
2.8 18.3 76.1 0.0 0.0 2.8 0.0
2.8 19.7 71.8 0.0 0.0 5.6 0.0
1.5 16.2 77.9 0.0 0.0 4.4 0.0
1.1 17.0 72.7 0.0 0.0 9.1 0.0
1.5 16.4 77.6 0.0 0.0 4.5 0.0
4.4 14.7 76.5 0.0 0.0 4.4 0.0
1.4 18.8 75.4 0.0 0.0 4.3 0.0
1.5 19.1 77.9 0.0 0.0 1.5 0.0
5.9 16.2 76.5 0.0 0.0 1.5 0.0
2.8 16.9 74.6 0.0 0.0 5.6 0.0
2.9 17.1 75.7 0.0 0.0 4.3 0.0
2.6 19.5 75.3 0.0 0.0 2.6 0.0
1.4 18.8 76.8 0.0 0.0 2.9 0.0
1.5 13.6 81.8 0.0 0.0 3.0 0.0
2.9 15.9 78.3 0.0 0.0 2.9 0.0
4.5 14.9 77.6 0.0 0.0 3.0 0.0
1.3 17.1 77.6 0.0 0.0 3.9 0.0
2.9 17.4 73.9 0.0 0.0 5.8 0.0
1.4 18.8 76.8 0.0 0.0 2.9 0.0
1.5 16.2 79.4 0.0 0.0 2.9 0.0
2.9 17.4 78.3 0.0 0.0 1.4 0.0
4.4 17.6 73.5 0.0 0.0 4.4 0.0
0.0 5.4 94.6 0.0 0.0 0.0 0.0
0.0 4.0 96.0 0.0 0.0 0.0 0.0
2.6 6.5 90.9 0.0 0.0 0.0 0.0
2.6 5.2 92.2 0.0 0.0 0.0 0.0
2.7 9.5 87.8 0.0 0.0 0.0 0.0
1.3 5.3 93.4 0.0 0.0 0.0 0.0
2.6 9.2 88.2 0.0 0.0 0.0 0.0
