3.9 5.3 90.8 0.0 0.0 0.0 0.0
8.1 18.9 73.0 0.0 0.0 0.0 0.0
1.3 5.3 93.4 0.0 0.0 0.0 0.0
2.7 6.8 81.1 9.5 0.0 0.0 0.0
2.9 5.8 89.9 0.0 0.0 1.4 0.0
1.4 9.7 84.7 0.0 0.0 4.2 0.0
1.4 5.4 86.5 0.0 0.0 6.8 0.0
2.9 7.1 87.1 0.0 0.0 2.9 0.0
1.4 11.1 83.3 0.0 0.0 4.2 0.0
2.7 8.1 83.8 0.0 0.0 5.4 0.0
4.3 15.7 75.7 0.0 0.0 4.3 0.0
1.4 7.0 85.9 0.0 0.0 5.6 0.0
1.4 10.0 85.7 0.0 0.0 2.9 0.0
2.9 5.8 85.5 0.0 0.0 5.8 0.0
2.9 8.6 87.1 0.0 0.0 1.4 0.0
1.4 9.5 83.8 0.0 0.0 5.4 0.0
1.4 7.2 88.4 0.0 0.0 2.9 0.0
15.7 11.4 70.0 0.0 0.0 2.9 0.0
1.4 9.9 85.9 0.0 0.0 2.8 0.0
2.8 8.3 86.1 0.0 0.0 2.8 0.0
2.9 7.1 85.7 0.0 0.0 4.3 0.0
2.9 7.2 88.4 0.0 0.0 1.4 0.0
4.4 5.9 88.2 0.0 0.0 1.5 0.0
0.0 8.8 88.2 0.0 0.0 2.9 0.0
1.5 8.8 88.2 0.0 0.0 1.5 0.0
0.0 8.8 88.2 0.0 0.0 2.9 0.0
1.3 8.0 85.3 0.0 0.0 5.3 0.0
5.7 7.1 82.9 0.0 0.0 4.3 0.0
1.4 7.1 87.1 0.0 0.0 4.3 0.0
2.7 8.2 83.6 0.0 0.0 5.5 0.0
1.5 8.8 88.2 0.0 0.0 1.5 0.0
1.4 9.6 84.9 0.0 0.0 4.1 0.0
1.4 9.5 85.1 0.0 0.0 4.1 0.0
2.8 6.9 84.7 0.0 0.0 5.6 0.0
1.4 8.7 87.0 0.0 0.0 2.9 0.0
2.9 10.0 82.9 0.0 0.0 4.3 0.0
1.4 7.1 88.6 0.0 0.0 2.9 0.0
4.3 10.1 82.6 0.0 0.0 2.9 0.0
1.4 8.5 87.3 0.0 0.0 2.8 0.0
1.4 8.7 87.0 0.0 0.0 2.9 0.0
1.4 7.2 88.4 0.0 0.0 2.9 0.0
1.4 12.7 81.7 0.0 0.0 4.2 0.0
1.4 8.6 85.7 0.0 0.0 4.3 0.0
0.0 8.3 88.9 0.0 0.0 2.8 0.0
2.8 9.9 84.5 0.0 0.0 2.8 0.0
4.3 4.3 85.5 0.0 0.0 5.8 0.0
5.6 8.3 81.9 0.0 0.0 4.2 0.0
2.9 7.4 86.8 0.0 0.0 2.9 0.0
2.9 10.0 85.7 0.0 0.0 1.4 0.0
2.7 8.2 83.6 0.0 0.0 5.5 0.0
4.3 2.9 88.4 0.0 0.0 4.3 0.0
2.8 9.9 83.1 0.0 0.0 4.2 0.0
5.9 13.2 75.0 0.0 0.0 5.9 0.0
0.0 7.2 88.4 0.0 0.0 4.3 0.0
0.0 6.8 93.2 0.0 0.0 0.0 0.0
1.4 4.1 94.6 0.0 0.0 0.0 0.0
2.7 6.8 90.4 0.0 0.0 0.0 0.0
2.7 2.7 94.5 0.0 0.0 0.0 0.0
3.9 2.6 93.4 0.0 0.0 0.0 0.0
2.7 5.3 92.0 0.0 0.0 0.0 0.0
