1.3 5.2 93.5 0.0 0.0 0.0 0.0
1.3 6.5 92.2 0.0 0.0 0.0 0.0
2.6 6.4 91.0 0.0 0.0 0.0 0.0
1.3 8.0 90.7 0.0 0.0 0.0 0.0
2.8 8.5 87.3 0.0 0.0 1.4 0.0
4.2 9.7 83.3 0.0 0.0 2.8 0.0
1.4 7.1 88.6 0.0 0.0 2.9 0.0
0.0 8.5 88.7 0.0 0.0 2.8 0.0
3.9 7.9 85.5 0.0 0.0 2.6 0.0
1.4 6.9 87.5 0.0 0.0 4.2 0.0
1.4 11.3 85.9 0.0 0.0 1.4 0.0
1.4 9.7 86.1 0.0 0.0 2.8 0.0
1.4 12.5 84.7 0.0 0.0 1.4 0.0
1.4 8.3 87.5 0.0 0.0 2.8 0.0
2.9 7.1 88.6 0.0 0.0 1.4 0.0
1.3 8.0 86.7 0.0 0.0 4.0 0.0
4.1 5.4 85.1 0.0 0.0 5.4 0.0
1.4 11.4 87.1 0.0 0.0 0.0 0.0
0.0 9.9 88.7 0.0 0.0 1.4 0.0
1.3 10.3 83.3 0.0 0.0 5.1 0.0
2.8 11.1 79.2 4.2 0.0 2.8 0.0
2.8 11.3 81.7 0.0 0.0 4.2 0.0
2.7 9.6 84.9 0.0 0.0 2.7 0.0
1.3 14.7 78.7 0.0 0.0 5.3 0.0
2.7 11.0 84.9 0.0 0.0 1.4 0.0
0.0 9.9 87.3 0.0 0.0 2.8 0.0
1.4 7.0 87.3 0.0 0.0 4.2 0.0
1.4 8.6 87.1 0.0 0.0 2.9 0.0
1.4 8.2 84.9 0.0 0.0 5.5 0.0
0.0 7.2 89.9 0.0 0.0 2.9 0.0
2.7 10.8 83.8 0.0 0.0 2.7 0.0
2.9 11.6 84.1 0.0 0.0 1.4 0.0
1.4 9.9 85.9 0.0 0.0 2.8 0.0
1.4 5.8 89.9 0.0 0.0 2.9 0.0
4.0 10.7 81.3 0.0 0.0 4.0 0.0
0.0 7.1 90.0 0.0 0.0 2.9 0.0
4.2 9.9 80.3 0.0 0.0 5.6 0.0
1.4 8.5 87.3 0.0 0.0 2.8 0.0
1.4 9.5 83.8 0.0 0.0 5.4 0.0
1.3 8.0 85.3 0.0 0.0 5.3 0.0
20.0 27.1 42.9 0.0 0.0 10.0 0.0
2.8 11.1 81.9 0.0 0.0 4.2 0.0
2.8 8.3 86.1 0.0 0.0 2.8 0.0
1.4 8.2 86.3 0.0 0.0 4.1 0.0
1.4 11.1 84.7 0.0 0.0 2.8 0.0
1.4 9.7 87.5 0.0 0.0 1.4 0.0
4.3 10.0 82.9 0.0 0.0 2.9 0.0
2.7 10.8 83.8 0.0 0.0 2.7 0.0
2.9 5.9 89.7 0.0 0.0 1.5 0.0
1.4 11.0 82.2 0.0 0.0 5.5 0.0
1.4 9.5 85.1 0.0 0.0 4.1 0.0
2.9 12.9 81.4 0.0 0.0 2.9 0.0
0.0 11.1 86.1 0.0 0.0 2.8 0.0
1.4 5.6 91.5 0.0 0.0 1.4 0.0
1.3 6.7 92.0 0.0 0.0 0.0 0.0
10.8 6.8 82.4 0.0 0.0 0.0 0.0
2.7 6.8 90.4 0.0 0.0 0.0 0.0
9.2 13.2 77.6 0.0 0.0 0.0 0.0
3.9 5.2 90.9 0.0 0.0 0.0 0.0
1.3 6.6 92.1 0.0 0.0 0.0 0.0
