4.1 30.1 65.8 0.0 0.0 0.0 0.0
0.0 7.9 92.1 0.0 0.0 0.0 0.0
2.7 4.1 93.2 0.0 0.0 0.0 0.0
7.0 31.0 47.9 2.8 0.0 11.3 0.0
0.0 17.2 73.4 0.0 0.0 9.4 0.0
0.0 14.3 76.2 0.0 0.0 9.5 0.0
1.5 16.9 72.3 0.0 0.0 9.2 0.0
1.5 16.4 68.7 0.0 0.0 13.4 0.0
3.1 12.5 75.0 0.0 0.0 9.4 0.0
2.9 18.8 68.1 0.0 0.0 10.1 0.0
1.1 13.5 73.0 0.0 0.0 12.4 0.0
4.5 16.7 69.7 0.0 0.0 9.1 0.0
2.9 17.4 66.7 0.0 0.0 13.0 0.0
3.0 16.4 71.6 0.0 0.0 9.0 0.0
4.3 17.4 66.7 0.0 0.0 11.6 0.0
1.5 16.7 72.7 0.0 0.0 9.1 0.0
1.6 17.2 73.4 0.0 0.0 7.8 0.0
3.9 16.9 67.5 0.0 0.0 11.7 0.0
3.1 15.4 73.8 0.0 0.0 7.7 0.0
4.8 14.3 73.0 0.0 0.0 7.9 0.0
0.0 17.5 74.6 0.0 0.0 7.9 0.0
1.5 18.2 71.2 0.0 0.0 9.1 0.0
3.0 19.4 68.7 0.0 0.0 9.0 0.0
4.5 14.9 70.1 0.0 0.0 10.4 0.0
1.5 15.4 70.8 0.0 0.0 12.3 0.0
1.6 15.6 73.4 0.0 0.0 9.4 0.0
3.0 16.4 70.1 0.0 0.0 10.4 0.0
3.1 14.1 73.4 0.0 0.0 9.4 0.0
3.0 16.4 71.6 0.0 0.0 9.0 0.0
1.2 15.5 70.2 0.0 0.0 13.1 0.0
3.0 14.9 71.6 0.0 0.0 10.4 0.0
0.0 17.5 74.6 0.0 0.0 7.9 0.0
1.4 17.4 68.1 0.0 0.0 13.0 0.0
1.4 17.4 69.6 0.0 0.0 11.6 0.0
1.5 18.2 71.2 0.0 0.0 9.1 0.0
0.0 15.4 73.8 0.0 0.0 10.8 0.0
2.7 18.9 66.2 0.0 0.0 12.2 0.0
3.1 14.1 73.4 0.0 0.0 9.4 0.0
1.5 16.7 72.7 0.0 0.0 9.1 0.0
4.3 18.6 67.1 0.0 0.0 10.0 0.0
1.5 17.9 71.6 0.0 0.0 9.0 0.0
0.0 16.1 74.2 0.0 0.0 9.7 0.0
1.5 17.6 69.1 0.0 0.0 11.8 0.0
1.5 18.2 72.7 0.0 0.0 7.6 0.0
1.6 17.2 73.4 0.0 0.0 7.8 0.0
15.9 20.3 53.6 0.0 0.0 10.1 0.0
1.6 16.1 74.2 0.0 0.0 8.1 0.0
4.4 16.2 69.1 0.0 0.0 10.3 0.0
3.0 16.4 70.1 0.0 0.0 10.4 0.0
4.3 17.1 67.1 0.0 0.0 11.4 0.0
1.6 17.2 73.4 0.0 0.0 7.8 0.0
1.5 15.4 72.3 0.0 0.0 10.8 0.0
2.9 16.2 70.6 0.0 0.0 10.3 0.0
1.3 5.3 93.3 0.0 0.0 0.0 0.0
2.6 5.2 92.2 0.0 0.0 0.0 0.0
3.9 3.9 92.1 0.0 0.0 0.0 0.0
1.4 6.8 91.9 0.0 0.0 0.0 0.0
2.7 5.3 92.0 0.0 0.0 0.0 0.0
2.7 4.1 93.2 0.0 0.0 0.0 0.0
1.3 4.0 94.7 0.0 0.0 0.0 0.0
