3.8 5.1 91.1 0.0 0.0 0.0 0.0
5.1 7.7 87.2 0.0 0.0 0.0 0.0
1.3 5.3 93.4 0.0 0.0 0.0 0.0
2.8 13.9 81.9 0.0 0.0 1.4 0.0
1.4 11.4 87.1 0.0 0.0 0.0 0.0
2.8 9.9 84.5 0.0 0.0 2.8 0.0
1.4 16.2 81.1 0.0 0.0 1.4 0.0
1.4 14.9 82.4 0.0 0.0 1.4 0.0
3.8 12.8 80.8 0.0 0.0 2.6 0.0
1.4 12.5 84.7 0.0 0.0 1.4 0.0
0.0 14.1 84.5 0.0 0.0 1.4 0.0
2.8 15.5 81.7 0.0 0.0 0.0 0.0
1.4 15.9 82.6 0.0 0.0 0.0 0.0
1.4 11.0 84.9 0.0 0.0 2.7 0.0
4.5 12.1 83.3 0.0 0.0 0.0 0.0
1.4 8.5 87.3 0.0 0.0 2.8 0.0
0.0 12.9 87.1 0.0 0.0 0.0 0.0
6.7 13.3 76.0 0.0 0.0 4.0 0.0
3.9 13.2 80.3 0.0 0.0 2.6 0.0
2.5 13.9 79.7 0.0 0.0 3.8 0.0
2.7 13.7 80.8 0.0 0.0 2.7 0.0
1.3 9.0 84.6 0.0 0.0 5.1 0.0
2.9 14.3 80.0 0.0 0.0 2.9 0.0
4.2 9.7 84.7 0.0 0.0 1.4 0.0
1.4 11.0 84.9 0.0 0.0 2.7 0.0
1.4 14.1 84.5 0.0 0.0 0.0 0.0
4.2 9.9 83.1 0.0 0.0 2.8 0.0
2.8 14.1 78.9 0.0 0.0 4.2 0.0
1.4 11.4 87.1 0.0 0.0 0.0 0.0
2.6 9.2 84.2 0.0 0.0 3.9 0.0
1.3 16.9 79.2 0.0 0.0 2.6 0.0
24.7 27.4 41.1 0.0 0.0 6.8 0.0
2.9 11.4 85.7 0.0 0.0 0.0 0.0
2.7 9.6 83.6 0.0 0.0 4.1 0.0
8.1 13.5 70.3 0.0 0.0 8.1 0.0
1.3 11.7 84.4 0.0 0.0 2.6 0.0
1.4 16.2 79.7 0.0 0.0 2.7 0.0
2.9 8.8 88.2 0.0 0.0 0.0 0.0
2.9 7.4 88.2 0.0 0.0 1.5 0.0
2.8 13.9 81.9 0.0 0.0 1.4 0.0
1.4 8.6 88.6 0.0 0.0 1.4 0.0
2.7 16.0 78.7 0.0 0.0 2.7 0.0
1.4 15.1 80.8 0.0 0.0 2.7 0.0
1.4 13.7 72.6 11.0 0.0 1.4 0.0
1.4 11.3 84.5 0.0 0.0 2.8 0.0
2.8 9.9 85.9 0.0 0.0 1.4 0.0
1.4 14.1 84.5 0.0 0.0 0.0 0.0
1.4 14.9 82.4 0.0 0.0 1.4 0.0
2.8 20.8 70.8 0.0 0.0 5.6 0.0
1.4 9.9 85.9 0.0 0.0 2.8 0.0
2.8 16.9 80.3 0.0 0.0 0.0 0.0
8.2 17.8 69.9 0.0 0.0 4.1 0.0
1.4 14.3 84.3 0.0 0.0 0.0 0.0
0.0 6.6 93.4 0.0 0.0 0.0 0.0
1.3 5.3 93.4 0.0 0.0 0.0 0.0
2.6 6.4 91.0 0.0 0.0 0.0 0.0
3.9 5.2 90.9 0.0 0.0 0.0 0.0
0.0 5.3 94.7 0.0 0.0 0.0 0.0
2.6 5.3 92.1 0.0 0.0 0.0 0.0
2.6 5.3 92.1 0.0 0.0 0.0 0.0
