0.0 5.5 94.5 0.0 0.0 0.0 0.0
6.9 22.2 70.8 0.0 0.0 0.0 0.0
2.7 6.8 90.5 0.0 0.0 0.0 0.0
2.7 5.3 88.0 4.0 0.0 0.0 0.0
1.5 4.5 91.0 0.0 0.0 3.0 0.0
0.0 10.0 85.7 0.0 0.0 4.3 0.0
2.9 8.7 87.0 0.0 0.0 1.4 0.0
1.5 13.4 82.1 0.0 0.0 3.0 0.0
0.0 10.0 87.1 0.0 0.0 2.9 0.0
1.5 7.4 88.2 0.0 0.0 2.9 0.0
2.9 4.3 88.4 0.0 0.0 4.3 0.0
4.3 11.6 84.1 0.0 0.0 0.0 0.0
0.0 11.6 87.0 0.0 0.0 1.4 0.0
1.3 9.3 85.3 0.0 0.0 4.0 0.0
4.3 4.3 87.1 0.0 0.0 4.3 0.0
1.4 9.9 85.9 0.0 0.0 2.8 0.0
2.8 11.3 81.7 0.0 0.0 4.2 0.0
1.4 10.1 84.1 0.0 0.0 4.3 0.0
1.4 8.3 86.1 0.0 0.0 4.2 0.0
1.4 10.0 84.3 0.0 0.0 4.3 0.0
0.0 16.4 79.5 0.0 0.0 4.1 0.0
1.4 12.5 81.9 0.0 0.0 4.2 0.0
1.3 9.3 84.0 0.0 0.0 5.3 0.0
2.9 7.1 87.1 0.0 0.0 2.9 0.0
2.9 7.2 85.5 0.0 0.0 4.3 0.0
1.4 11.0 83.6 0.0 0.0 4.1 0.0
2.7 12.2 79.7 0.0 0.0 5.4 0.0
0.0 12.5 84.7 0.0 0.0 2.8 0.0
0.0 8.7 88.4 0.0 0.0 2.9 0.0
1.4 8.6 85.7 0.0 0.0 4.3 0.0
1.4 6.9 86.1 0.0 0.0 5.6 0.0
4.4 10.3 85.3 0.0 0.0 0.0 0.0
2.7 10.8 81.1 0.0 0.0 5.4 0.0
1.4 8.1 86.5 0.0 0.0 4.1 0.0
1.4 8.7 87.0 0.0 0.0 2.9 0.0
1.4 8.2 84.9 0.0 0.0 5.5 0.0
5.7 11.4 81.4 0.0 0.0 1.4 0.0
0.0 7.4 88.2 0.0 0.0 4.4 0.0
1.4 8.6 87.1 0.0 0.0 2.9 0.0
1.4 8.5 85.9 0.0 0.0 4.2 0.0
2.9 7.1 88.6 0.0 0.0 1.4 0.0
2.9 10.3 85.3 0.0 0.0 1.5 0.0
2.7 12.2 82.4 0.0 0.0 2.7 0.0
1.4 10.0 87.1 0.0 0.0 1.4 0.0
1.4 8.2 86.3 0.0 0.0 4.1 0.0
1.4 9.7 86.1 0.0 0.0 2.8 0.0
2.9 11.4 82.9 0.0 0.0 2.9 0.0
1.5 4.5 90.9 0.0 0.0 3.0 0.0
2.9 8.6 85.7 0.0 0.0 2.9 0.0
4.3 10.0 82.9 0.0 0.0 2.9 0.0
2.6 9.2 81.6 0.0 0.0 6.6 0.0
1.5 5.9 88.2 0.0 0.0 4.4 0.0
2.7 8.2 84.9 0.0 0.0 4.1 0.0
1.4 7.2 88.4 0.0 0.0 2.9 0.0
1.4 4.1 94.6 0.0 0.0 0.0 0.0
2.7 4.0 93.3 0.0 0.0 0.0 0.0
2.7 4.1 93.2 0.0 0.0 0.0 0.0
1.4 2.7 95.9 0.0 0.0 0.0 0.0
2.7 5.3 92.0 0.0 0.0 0.0 0.0
1.4 5.4 93.2 0.0 0.0 0.0 0.0
