2.5 7.6 89.9 0.0 0.0 0.0 0.0
6.3 8.9 84.8 0.0 0.0 0.0 0.0
1.3 5.1 93.6 0.0 0.0 0.0 0.0
1.3 5.3 93.4 0.0 0.0 0.0 0.0
3.9 11.8 80.3 0.0 0.0 3.9 0.0
2.7 9.6 83.6 0.0 0.0 4.1 0.0
1.4 11.0 83.6 0.0 0.0 4.1 0.0
1.2 9.8 81.7 0.0 0.0 7.3 0.0
1.4 13.9 80.6 0.0 0.0 4.2 0.0
2.7 8.2 84.9 0.0 0.0 4.1 0.0
1.4 9.7 81.9 0.0 0.0 6.9 0.0
2.7 9.6 82.2 0.0 0.0 5.5 0.0
0.0 8.7 88.4 0.0 0.0 2.9 0.0
1.4 12.2 81.1 0.0 0.0 5.4 0.0
4.2 11.1 79.2 0.0 0.0 5.6 0.0
3.9 13.0 74.0 0.0 0.0 9.1 0.0
1.3 10.5 80.3 0.0 0.0 7.9 0.0
2.8 9.7 83.3 0.0 0.0 4.2 0.0
21.8 11.5 55.1 0.0 0.0 11.5 0.0
2.7 15.1 78.1 0.0 0.0 4.1 0.0
4.0 10.7 80.0 0.0 0.0 5.3 0.0
4.1 11.0 80.8 0.0 0.0 4.1 0.0
5.4 9.5 79.7 0.0 0.0 5.4 0.0
2.7 20.3 67.6 0.0 0.0 9.5 0.0
3.7 11.0 76.8 0.0 0.0 8.5 0.0
1.4 8.2 83.6 0.0 0.0 6.8 0.0
1.4 9.7 86.1 0.0 0.0 2.8 0.0
1.4 11.1 81.9 0.0 0.0 5.6 0.0
2.8 8.3 84.7 0.0 0.0 4.2 0.0
2.8 14.1 77.5 0.0 0.0 5.6 0.0
1.4 8.3 84.7 0.0 0.0 5.6 0.0
1.3 10.7 81.3 0.0 0.0 6.7 0.0
20.5 28.8 39.7 0.0 0.0 9.6 0.0
1.3 9.3 82.7 0.0 0.0 6.7 0.0
2.7 14.7 77.3 0.0 0.0 5.3 0.0
1.4 10.8 82.4 0.0 0.0 5.4 0.0
4.2 8.3 80.6 0.0 0.0 6.9 0.0
1.3 10.7 80.0 0.0 0.0 8.0 0.0
1.4 7.0 87.3 0.0 0.0 4.2 0.0
2.7 11.0 82.2 0.0 0.0 4.1 0.0
4.2 12.5 80.6 0.0 0.0 2.8 0.0
2.7 11.0 80.8 0.0 0.0 5.5 0.0
3.9 10.5 80.3 0.0 0.0 5.3 0.0
1.4 8.5 84.5 0.0 0.0 5.6 0.0
0.0 12.2 82.4 0.0 0.0 5.4 0.0
2.8 5.6 85.9 0.0 0.0 5.6 0.0
2.8 9.7 83.3 0.0 0.0 4.2 0.0
13.3 12.0 65.3 0.0 0.0 9.3 0.0
1.2 10.0 82.5 0.0 0.0 6.2 0.0
2.7 8.0 81.3 0.0 0.0 8.0 0.0
1.3 12.8 79.5 0.0 0.0 6.4 0.0
2.7 10.7 82.7 0.0 0.0 4.0 0.0
4.3 8.6 81.4 0.0 0.0 5.7 0.0
0.0 6.6 93.4 0.0 0.0 0.0 0.0
3.9 5.3 90.8 0.0 0.0 0.0 0.0
2.7 9.3 88.0 0.0 0.0 0.0 0.0
1.3 6.4 92.3 0.0 0.0 0.0 0.0
2.6 10.3 87.2 0.0 0.0 0.0 0.0
3.8 5.1 91.1 0.0 0.0 0.0 0.0
1.3 5.1 93.6 0.0 0.0 0.0 0.0
