2.7 15.1 82.2 0.0 0.0 0.0 0.0
1.3 5.3 93.3 0.0 0.0 0.0 0.0
1.4 4.1 94.6 0.0 0.0 0.0 0.0
1.5 20.0 66.2 0.0 0.0 12.3 0.0
1.5 19.4 67.2 0.0 0.0 11.9 0.0
2.9 18.8 65.2 0.0 0.0 13.0 0.0
1.4 15.9 65.2 0.0 0.0 17.4 0.0
3.0 17.9 65.7 0.0 0.0 13.4 0.0
3.0 17.9 67.2 0.0 0.0 11.9 0.0
3.1 15.4 69.2 0.0 0.0 12.3 0.0
1.6 16.1 72.6 0.0 0.0 9.7 0.0
0.0 19.4 64.2 0.0 0.0 16.4 0.0
4.5 15.2 68.2 0.0 0.0 12.1 0.0
1.5 19.7 66.7 0.0 0.0 12.1 0.0
1.5 16.2 67.6 0.0 0.0 14.7 0.0
0.0 18.8 70.3 0.0 0.0 10.9 0.0
3.0 18.2 65.2 0.0 0.0 13.6 0.0
4.7 18.8 64.1 0.0 0.0 12.5 0.0
4.4 19.1 64.7 0.0 0.0 11.8 0.0
3.1 15.4 67.7 0.0 0.0 13.8 0.0
1.5 16.7 68.2 0.0 0.0 13.6 0.0
4.3 18.6 62.9 0.0 0.0 14.3 0.0
1.5 18.5 69.2 0.0 0.0 10.8 0.0
1.6 18.8 68.8 0.0 0.0 10.9 0.0
3.1 18.5 67.7 0.0 0.0 10.8 0.0
3.1 16.9 70.8 0.0 0.0 9.2 0.0
3.1 17.2 68.8 0.0 0.0 10.9 0.0
3.0 17.9 68.7 0.0 0.0 10.4 0.0
3.0 19.4 65.7 0.0 0.0 11.9 0.0
3.0 16.7 66.7 0.0 0.0 13.6 0.0
4.5 13.4 67.2 0.0 0.0 14.9 0.0
0.0 18.5 67.7 0.0 0.0 13.8 0.0
1.6 17.2 70.3 0.0 0.0 10.9 0.0
1.5 17.9 67.2 0.0 0.0 13.4 0.0
7.4 29.4 48.5 0.0 0.0 14.7 0.0
1.5 18.2 69.7 0.0 0.0 10.6 0.0
4.5 16.4 64.2 0.0 0.0 14.9 0.0
3.1 16.9 70.8 0.0 0.0 9.2 0.0
3.0 18.2 68.2 0.0 0.0 10.6 0.0
3.0 17.9 68.7 0.0 0.0 10.4 0.0
2.9 20.6 64.7 0.0 0.0 11.8 0.0
1.5 18.2 66.7 0.0 0.0 13.6 0.0
3.2 14.3 71.4 0.0 0.0 11.1 0.0
6.2 15.6 67.2 0.0 0.0 10.9 0.0
1.5 16.7 68.2 0.0 0.0 13.6 0.0
2.9 15.9 66.7 0.0 0.0 14.5 0.0
3.0 16.7 66.7 0.0 0.0 13.6 0.0
1.5 16.4 68.7 0.0 0.0 13.4 0.0
13.6 18.2 59.1 0.0 0.0 9.1 0.0
3.0 16.4 65.7 0.0 0.0 14.9 0.0
1.5 16.4 68.7 0.0 0.0 13.4 0.0
0.0 19.4 65.7 0.0 0.0 14.9 0.0
1.5 17.9 67.2 0.0 0.0 13.4 0.0
2.7 5.3 92.0 0.0 0.0 0.0 0.0
2.7 4.1 93.2 0.0 0.0 0.0 0.0
1.3 5.3 93.4 0.0 0.0 0.0 0.0
1.4 2.8 95.8 0.0 0.0 0.0 0.0
2.7 5.4 71.6 20.3 0.0 0.0 0.0
2.7 6.8 90.4 0.0 0.0 0.0 0.0
1.3 4.0 94.7 0.0 0.0 0.0 0.0
