2.6 3.9 93.5 0.0 0.0 0.0 0.0
2.6 5.2 92.2 0.0 0.0 0.0 0.0
0.0 5.3 94.7 0.0 0.0 0.0 0.0
2.6 6.5 90.9 0.0 0.0 0.0 0.0
1.4 8.6 88.6 0.0 0.0 1.4 0.0
2.7 9.3 84.0 0.0 0.0 4.0 0.0
4.2 6.9 83.3 0.0 0.0 5.6 0.0
2.9 5.7 87.1 0.0 0.0 4.3 0.0
2.7 9.3 84.0 0.0 0.0 4.0 0.0
5.5 21.9 37.0 31.5 0.0 4.1 0.0
1.3 7.9 86.8 0.0 0.0 3.9 0.0
1.4 8.6 87.1 0.0 0.0 2.9 0.0
9.7 15.3 72.2 0.0 0.0 2.8 0.0
2.7 10.7 82.7 0.0 0.0 4.0 0.0
5.6 8.3 83.3 0.0 0.0 2.8 0.0
1.4 7.0 87.3 0.0 0.0 4.2 0.0
0.0 11.4 87.1 0.0 0.0 1.4 0.0
1.4 6.8 86.3 0.0 0.0 5.5 0.0
1.4 7.1 90.0 0.0 0.0 1.4 0.0
0.0 9.7 87.5 0.0 0.0 2.8 0.0
2.8 9.7 84.7 0.0 0.0 2.8 0.0
4.1 10.8 82.4 0.0 0.0 2.7 0.0
1.4 9.7 84.7 0.0 0.0 4.2 0.0
4.3 7.2 88.4 0.0 0.0 0.0 0.0
2.7 8.2 86.3 0.0 0.0 2.7 0.0
2.7 9.5 85.1 0.0 0.0 2.7 0.0
4.0 10.7 81.3 0.0 0.0 4.0 0.0
2.6 11.8 81.6 0.0 0.0 3.9 0.0
1.3 10.1 83.5 0.0 0.0 5.1 0.0
1.3 9.2 82.9 0.0 0.0 6.6 0.0
2.8 9.9 84.5 0.0 0.0 2.8 0.0
3.8 6.4 85.9 0.0 0.0 3.8 0.0
4.0 13.3 76.0 0.0 0.0 6.7 0.0
0.0 7.1 88.6 0.0 0.0 4.3 0.0
4.2 7.0 85.9 0.0 0.0 2.8 0.0
2.9 8.6 85.7 0.0 0.0 2.9 0.0
1.4 9.6 86.3 0.0 0.0 2.7 0.0
4.1 11.0 80.8 0.0 0.0 4.1 0.0
8.0 21.3 65.3 0.0 0.0 5.3 0.0
1.4 8.6 88.6 0.0 0.0 1.4 0.0
5.6 8.3 83.3 0.0 0.0 2.8 0.0
2.7 8.2 89.0 0.0 0.0 0.0 0.0
4.0 8.0 80.0 0.0 0.0 8.0 0.0
1.4 8.6 88.6 0.0 0.0 1.4 0.0
2.7 11.0 83.6 0.0 0.0 2.7 0.0
2.8 8.3 84.7 0.0 0.0 4.2 0.0
0.0 9.6 87.7 0.0 0.0 2.7 0.0
1.4 10.0 88.6 0.0 0.0 0.0 0.0
1.4 5.6 88.7 0.0 0.0 4.2 0.0
2.6 7.8 83.1 0.0 0.0 6.5 0.0
4.1 9.6 83.6 0.0 0.0 2.7 0.0
0.0 6.0 91.0 0.0 0.0 3.0 0.0
2.8 5.6 86.1 0.0 0.0 5.6 0.0
1.3 6.5 92.2 0.0 0.0 0.0 0.0
5.1 7.6 87.3 0.0 0.0 0.0 0.0
5.2 19.5 75.3 0.0 0.0 0.0 0.0
2.6 6.6 90.8 0.0 0.0 0.0 0.0
1.3 5.2 93.5 0.0 0.0 0.0 0.0
1.3 5.2 93.5 0.0 0.0 0.0 0.0
0.0 9.2 90.8 0.0 0.0 0.0 0.0
