2.7 5.4 91.9 0.0 0.0 0.0 0.0
2.6 5.3 92.1 0.0 0.0 0.0 0.0
1.3 6.6 92.1 0.0 0.0 0.0 0.0
2.9 8.7 87.0 0.0 0.0 1.4 0.0
3.8 8.8 83.8 0.0 0.0 3.8 0.0
4.2 13.9 79.2 0.0 0.0 2.8 0.0
4.3 10.1 84.1 0.0 0.0 1.4 0.0
1.4 9.7 87.5 0.0 0.0 1.4 0.0
2.9 8.7 87.0 0.0 0.0 1.4 0.0
0.0 8.6 90.0 0.0 0.0 1.4 0.0
8.1 25.7 62.2 0.0 0.0 4.1 0.0
2.6 10.4 85.7 0.0 0.0 1.3 0.0
1.4 7.2 89.9 0.0 0.0 1.4 0.0
0.0 9.1 87.0 0.0 0.0 3.9 0.0
0.0 8.7 89.9 0.0 0.0 1.4 0.0
2.6 13.0 83.1 0.0 0.0 1.3 0.0
3.0 6.0 91.0 0.0 0.0 0.0 0.0
1.4 8.7 88.4 0.0 0.0 1.4 0.0
1.3 9.2 86.8 0.0 0.0 2.6 0.0
2.8 11.1 84.7 0.0 0.0 1.4 0.0
2.8 9.7 86.1 0.0 0.0 1.4 0.0
2.8 11.1 84.7 0.0 0.0 1.4 0.0
2.8 12.5 81.9 0.0 0.0 2.8 0.0
2.8 7.0 87.3 0.0 0.0 2.8 0.0
1.4 10.0 88.6 0.0 0.0 0.0 0.0
4.2 9.9 84.5 0.0 0.0 1.4 0.0
2.9 5.9 89.7 0.0 0.0 1.5 0.0
2.7 16.4 80.8 0.0 0.0 0.0 0.0
0.0 11.3 85.9 0.0 0.0 2.8 0.0
4.2 8.5 85.9 0.0 0.0 1.4 0.0
0.0 11.1 86.1 0.0 0.0 2.8 0.0
2.9 8.7 88.4 0.0 0.0 0.0 0.0
1.4 12.5 83.3 0.0 0.0 2.8 0.0
1.4 10.0 87.1 0.0 0.0 1.4 0.0
2.9 10.0 85.7 0.0 0.0 1.4 0.0
1.4 9.9 87.3 0.0 0.0 1.4 0.0
4.1 12.2 81.1 0.0 0.0 2.7 0.0
4.2 11.1 84.7 0.0 0.0 0.0 0.0
2.8 9.7 87.5 0.0 0.0 0.0 0.0
2.8 11.1 84.7 0.0 0.0 1.4 0.0
1.4 10.0 87.1 0.0 0.0 1.4 0.0
2.9 8.6 87.1 0.0 0.0 1.4 0.0
2.6 9.2 85.5 0.0 0.0 2.6 0.0
10.8 12.2 74.3 0.0 0.0 2.7 0.0
1.4 12.7 85.9 0.0 0.0 0.0 0.0
1.3 14.3 81.8 0.0 0.0 2.6 0.0
2.8 15.3 80.6 0.0 0.0 1.4 0.0
0.0 6.0 92.5 0.0 0.0 1.5 0.0
5.6 15.5 77.5 0.0 0.0 1.4 0.0
1.4 11.6 85.5 0.0 0.0 1.4 0.0
1.4 9.7 86.1 0.0 0.0 2.8 0.0
0.0 14.1 84.5 0.0 0.0 1.4 0.0
2.8 12.7 83.1 0.0 0.0 1.4 0.0
1.3 9.3 89.3 0.0 0.0 0.0 0.0
1.3 6.4 92.3 0.0 0.0 0.0 0.0
1.3 5.2 93.5 0.0 0.0 0.0 0.0
1.3 6.5 92.2 0.0 0.0 0.0 0.0
0.0 5.3 94.7 0.0 0.0 0.0 0.0
2.7 9.3 88.0 0.0 0.0 0.0 0.0
1.3 6.5 92.2 0.0 0.0 0.0 0.0
