3.9 6.6 89.5 0.0 0.0 0.0 0.0
1.3 6.5 92.2 0.0 0.0 0.0 0.0
3.8 6.4 89.7 0.0 0.0 0.0 0.0
2.7 14.7 70.7 12.0 0.0 0.0 0.0
1.5 13.2 64.7 0.0 0.0 20.6 0.0
1.5 14.7 64.7 0.0 0.0 19.1 0.0
1.4 14.5 65.2 0.0 0.0 18.8 0.0
4.3 12.9 61.4 0.0 0.0 21.4 0.0
1.4 11.3 64.8 0.0 0.0 22.5 0.0
2.8 11.3 62.0 0.0 0.0 23.9 0.0
1.5 10.6 68.2 0.0 0.0 19.7 0.0
2.8 11.1 62.5 0.0 0.0 23.6 0.0
3.0 13.4 65.7 0.0 0.0 17.9 0.0
5.9 10.3 61.8 1.5 0.0 20.6 0.0
1.4 13.0 63.8 0.0 0.0 21.7 0.0
1.4 11.6 65.2 0.0 0.0 21.7 0.0
1.5 13.4 65.7 0.0 0.0 19.4 0.0
0.0 11.4 64.3 0.0 0.0 24.3 0.0
2.7 16.4 57.5 0.0 0.0 23.3 0.0
1.4 13.0 62.3 0.0 0.0 23.2 0.0
2.9 15.7 60.0 0.0 0.0 21.4 0.0
1.4 11.4 62.9 0.0 0.0 24.3 0.0
1.4 12.9 64.3 0.0 0.0 21.4 0.0
4.3 15.9 60.9 0.0 0.0 18.8 0.0
4.2 12.5 62.5 0.0 0.0 20.8 0.0
4.4 10.3 64.7 0.0 0.0 20.6 0.0
1.4 15.9 63.8 0.0 0.0 18.8 0.0
0.0 16.9 66.2 0.0 0.0 16.9 0.0
4.5 14.9 62.7 0.0 0.0 17.9 0.0
1.5 13.2 64.7 0.0 0.0 20.6 0.0
1.4 11.4 62.9 0.0 0.0 24.3 0.0
1.4 17.4 62.3 0.0 0.0 18.8 0.0
1.4 14.1 63.4 0.0 0.0 21.1 0.0
2.9 15.7 55.7 5.7 0.0 20.0 0.0
4.2 12.7 60.6 0.0 0.0 22.5 0.0
2.9 14.7 64.7 0.0 0.0 17.6 0.0
1.5 13.2 63.2 0.0 0.0 22.1 0.0
1.4 16.7 63.9 0.0 0.0 18.1 0.0
22.2 13.9 45.8 0.0 0.0 18.1 0.0
3.0 11.9 67.2 0.0 0.0 17.9 0.0
1.5 14.7 66.2 0.0 0.0 17.6 0.0
4.5 9.0 70.1 0.0 0.0 16.4 0.0
1.5 14.7 66.2 0.0 0.0 17.6 0.0
2.8 19.7 54.9 0.0 0.0 22.5 0.0
2.9 10.3 66.2 0.0 0.0 20.6 0.0
4.4 13.2 64.7 0.0 0.0 17.6 0.0
2.9 14.5 65.2 0.0 0.0 17.4 0.0
0.0 12.9 64.3 0.0 0.0 22.9 0.0
4.3 27.1 45.7 0.0 0.0 22.9 0.0
4.2 8.3 63.9 0.0 0.0 23.6 0.0
1.5 13.2 64.7 0.0 0.0 20.6 0.0
2.8 16.9 60.6 0.0 0.0 19.7 0.0
2.9 11.4 64.3 0.0 0.0 21.4 0.0
2.9 15.9 58.0 0.0 0.0 23.2 0.0
1.4 4.2 94.4 0.0 0.0 0.0 0.0
1.4 10.8 87.8 0.0 0.0 0.0 0.0
2.6 6.4 91.0 0.0 0.0 0.0 0.0
1.3 5.2 93.5 0.0 0.0 0.0 0.0
2.6 5.2 92.2 0.0 0.0 0.0 0.0
1.3 5.2 93.5 0.0 0.0 0.0 0.0
