2.8 2.8 94.4 0.0 0.0 0.0 0.0
8.1 24.3 67.6 0.0 0.0 0.0 0.0
2.7 5.3 92.0 0.0 0.0 0.0 0.0
1.4 4.1 93.2 1.4 0.0 0.0 0.0
2.9 13.0 56.5 0.0 0.0 27.5 0.0
1.4 13.0 58.0 0.0 0.0 27.5 0.0
1.4 11.4 60.0 0.0 0.0 27.1 0.0
2.9 8.8 61.8 0.0 0.0 26.5 0.0
15.5 14.1 46.5 0.0 0.0 23.9 0.0
2.8 14.1 59.2 0.0 0.0 23.9 0.0
0.0 10.6 60.6 0.0 0.0 28.8 0.0
1.4 11.3 59.2 0.0 0.0 28.2 0.0
2.8 12.7 57.7 0.0 0.0 26.8 0.0
2.9 10.0 60.0 0.0 0.0 27.1 0.0
4.3 15.9 56.5 0.0 0.0 23.2 0.0
2.8 12.7 56.3 0.0 0.0 28.2 0.0
2.8 12.7 59.2 0.0 0.0 25.4 0.0
1.4 8.7 59.4 0.0 0.0 30.4 0.0
1.4 13.9 56.9 0.0 0.0 27.8 0.0
1.4 14.3 55.7 0.0 0.0 28.6 0.0
3.0 10.4 59.7 0.0 0.0 26.9 0.0
2.9 12.9 58.6 0.0 0.0 25.7 0.0
2.9 10.1 58.0 0.0 0.0 29.0 0.0
1.4 14.5 58.0 0.0 0.0 26.1 0.0
2.9 12.9 55.7 0.0 0.0 28.6 0.0
4.4 11.8 58.8 0.0 0.0 25.0 0.0
1.4 10.1 63.8 0.0 0.0 24.6 0.0
2.9 12.9 57.1 0.0 0.0 27.1 0.0
1.4 11.3 57.7 0.0 0.0 29.6 0.0
2.8 15.5 54.9 0.0 0.0 26.8 0.0
2.9 10.0 57.1 0.0 0.0 30.0 0.0
1.4 12.9 60.0 0.0 0.0 25.7 0.0
1.4 13.0 59.4 0.0 0.0 26.1 0.0
1.4 11.6 59.4 0.0 0.0 27.5 0.0
1.4 15.7 54.3 0.0 0.0 28.6 0.0
2.9 10.3 60.3 0.0 0.0 26.5 0.0
1.4 11.4 60.0 0.0 0.0 27.1 0.0
1.4 12.9 58.6 0.0 0.0 27.1 0.0
1.5 10.4 62.7 0.0 0.0 25.4 0.0
2.9 15.7 55.7 0.0 0.0 25.7 0.0
4.3 13.0 58.0 0.0 0.0 24.6 0.0
1.4 13.7 57.5 0.0 0.0 27.4 0.0
3.0 10.4 59.7 0.0 0.0 26.9 0.0
0.0 11.4 60.0 0.0 0.0 28.6 0.0
1.4 14.5 56.5 0.0 0.0 27.5 0.0
2.9 12.9 57.1 0.0 0.0 27.1 0.0
2.9 11.4 60.0 0.0 0.0 25.7 0.0
1.4 11.6 58.0 0.0 0.0 29.0 0.0
1.4 12.5 56.9 0.0 0.0 29.2 0.0
4.2 18.1 52.8 0.0 0.0 25.0 0.0
4.3 13.0 56.5 0.0 0.0 26.1 0.0
1.4 12.9 58.6 0.0 0.0 27.1 0.0
1.4 12.9 58.6 0.0 0.0 27.1 0.0
20.8 26.4 27.8 0.0 0.0 25.0 0.0
4.1 9.6 86.3 0.0 0.0 0.0 0.0
1.4 5.5 93.2 0.0 0.0 0.0 0.0
1.3 4.0 94.7 0.0 0.0 0.0 0.0
1.3 5.3 93.3 0.0 0.0 0.0 0.0
2.7 2.7 94.7 0.0 0.0 0.0 0.0
4.1 8.1 87.8 0.0 0.0 0.0 0.0
