1.3 5.3 93.4 0.0 0.0 0.0 0.0
0.0 6.8 93.2 0.0 0.0 0.0 0.0
2.6 2.6 93.5 0.0 0.0 1.3 0.0
4.5 16.4 70.1 0.0 0.0 9.0 0.0
1.5 17.9 73.1 0.0 0.0 7.5 0.0
3.2 14.5 80.6 0.0 0.0 1.6 0.0
8.3 29.2 45.8 0.0 0.0 15.3 0.0
1.5 15.2 77.3 0.0 0.0 6.1 0.0
4.5 14.9 70.1 0.0 0.0 10.4 0.0
2.9 16.2 72.1 0.0 0.0 8.8 0.0
0.0 13.8 78.5 0.0 0.0 7.7 0.0
1.5 15.2 74.2 0.0 0.0 9.1 0.0
3.0 13.4 74.6 0.0 0.0 9.0 0.0
3.1 18.8 73.4 0.0 0.0 4.7 0.0
1.6 13.1 80.3 0.0 0.0 4.9 0.0
4.5 14.9 74.6 0.0 0.0 6.0 0.0
4.4 16.2 72.1 0.0 0.0 7.4 0.0
4.2 29.2 50.0 0.0 0.0 16.7 0.0
1.5 19.7 71.2 0.0 0.0 7.6 0.0
1.6 15.6 76.6 0.0 0.0 6.2 0.0
1.5 15.4 76.9 0.0 0.0 6.2 0.0
4.6 16.9 75.4 0.0 0.0 3.1 0.0
1.5 15.2 75.8 0.0 0.0 7.6 0.0
19.2 41.0 26.9 0.0 0.0 11.5 0.0
1.5 15.2 77.3 0.0 0.0 6.1 0.0
2.9 17.6 66.2 7.4 0.0 5.9 0.0
0.0 17.9 74.6 0.0 0.0 7.5 0.0
3.0 19.4 71.6 0.0 0.0 6.0 0.0
6.1 16.7 71.2 0.0 0.0 6.1 0.0
3.6 14.3 72.6 0.0 0.0 9.5 0.0
3.0 16.4 73.1 0.0 0.0 7.5 0.0
1.2 13.8 75.0 0.0 0.0 10.0 0.0
1.5 16.7 74.2 0.0 0.0 7.6 0.0
3.1 15.4 75.4 0.0 0.0 6.2 0.0
2.9 14.7 72.1 0.0 0.0 10.3 0.0
1.3 15.2 75.9 0.0 0.0 7.6 0.0
1.6 17.2 78.1 0.0 0.0 3.1 0.0
5.9 16.2 70.6 0.0 0.0 7.4 0.0
1.5 16.9 78.5 0.0 0.0 3.1 0.0
2.9 14.7 73.5 0.0 0.0 8.8 0.0
4.3 20.3 63.8 0.0 0.0 11.6 0.0
4.7 16.5 69.4 0.0 0.0 9.4 0.0
3.0 15.2 74.2 0.0 0.0 7.6 0.0
1.6 14.3 79.4 0.0 0.0 4.8 0.0
7.7 12.3 75.4 0.0 0.0 4.6 0.0
1.6 17.2 78.1 0.0 0.0 3.1 0.0
1.5 17.9 71.6 0.0 0.0 9.0 0.0
1.5 18.2 74.2 0.0 0.0 6.1 0.0
3.2 15.9 77.8 0.0 0.0 3.2 0.0
3.0 17.9 71.6 0.0 0.0 7.5 0.0
3.0 15.2 75.8 0.0 0.0 6.1 0.0
4.3 21.4 62.9 0.0 0.0 11.4 0.0
4.4 16.2 72.1 0.0 0.0 7.4 0.0
0.0 4.1 95.9 0.0 0.0 0.0 0.0
5.2 9.1 85.7 0.0 0.0 0.0 0.0
2.6 6.5 90.9 0.0 0.0 0.0 0.0
1.4 8.1 90.5 0.0 0.0 0.0 0.0
3.9 9.2 86.8 0.0 0.0 0.0 0.0
0.0 5.3 94.7 0.0 0.0 0.0 0.0
2.6 6.5 90.9 0.0 0.0 0.0 0.0
