2.6 11.7 85.7 0.0 0.0 0.0 0.0
8.0 16.0 76.0 0.0 0.0 0.0 0.0
2.6 3.9 93.4 0.0 0.0 0.0 0.0
2.8 9.7 87.5 0.0 0.0 0.0 0.0
1.5 6.0 89.6 0.0 0.0 3.0 0.0
4.3 10.1 81.2 0.0 0.0 4.3 0.0
1.3 7.6 83.5 0.0 0.0 7.6 0.0
0.0 7.2 87.0 0.0 0.0 5.8 0.0
4.3 7.1 84.3 0.0 0.0 4.3 0.0
2.6 7.8 84.4 0.0 0.0 5.2 0.0
1.4 8.2 83.6 0.0 0.0 6.8 0.0
2.9 5.9 86.8 0.0 0.0 4.4 0.0
5.3 21.3 62.7 0.0 0.0 10.7 0.0
2.6 10.4 79.2 0.0 0.0 7.8 0.0
1.4 10.0 85.7 0.0 0.0 2.9 0.0
2.9 7.2 84.1 0.0 0.0 5.8 0.0
1.5 8.8 86.8 0.0 0.0 2.9 0.0
1.4 5.5 75.3 12.3 0.0 5.5 0.0
1.4 11.1 83.3 0.0 0.0 4.2 0.0
4.3 8.6 81.4 0.0 0.0 5.7 0.0
1.4 9.9 81.7 0.0 0.0 7.0 0.0
1.5 6.0 89.6 0.0 0.0 3.0 0.0
2.9 7.2 84.1 0.0 0.0 5.8 0.0
1.4 12.3 82.2 0.0 0.0 4.1 0.0
2.8 8.3 81.9 0.0 0.0 6.9 0.0
1.5 6.1 89.4 0.0 0.0 3.0 0.0
1.4 5.8 89.9 0.0 0.0 2.9 0.0
2.9 7.4 85.3 0.0 0.0 4.4 0.0
5.6 12.5 73.6 0.0 0.0 8.3 0.0
2.9 10.1 82.6 0.0 0.0 4.3 0.0
1.4 5.8 87.0 0.0 0.0 5.8 0.0
1.4 8.6 85.7 0.0 0.0 4.3 0.0
2.9 11.4 82.9 0.0 0.0 2.9 0.0
4.3 5.8 84.1 0.0 0.0 5.8 0.0
2.8 11.1 81.9 0.0 0.0 4.2 0.0
0.0 8.7 85.5 0.0 0.0 5.8 0.0
1.4 7.1 85.7 0.0 0.0 5.7 0.0
1.5 7.4 86.8 0.0 0.0 4.4 0.0
3.0 6.1 89.4 0.0 0.0 1.5 0.0
1.4 8.7 85.5 0.0 0.0 4.3 0.0
2.9 5.8 85.5 0.0 0.0 5.8 0.0
1.4 7.2 88.4 0.0 0.0 2.9 0.0
1.5 7.4 86.8 0.0 0.0 4.4 0.0
4.2 8.3 86.1 0.0 0.0 1.4 0.0
2.5 12.3 77.8 0.0 0.0 7.4 0.0
2.5 10.1 82.3 0.0 0.0 5.1 0.0
2.8 9.7 81.9 0.0 0.0 5.6 0.0
1.4 7.2 85.5 0.0 0.0 5.8 0.0
4.2 11.3 80.3 0.0 0.0 4.2 0.0
2.8 9.9 80.3 0.0 0.0 7.0 0.0
2.7 6.8 82.4 0.0 0.0 8.1 0.0
2.9 11.4 84.3 0.0 0.0 1.4 0.0
1.4 8.5 83.1 0.0 0.0 7.0 0.0
3.1 9.2 84.6 0.0 0.0 3.1 0.0
1.4 4.1 94.5 0.0 0.0 0.0 0.0
2.6 5.2 92.2 0.0 0.0 0.0 0.0
1.4 5.4 93.2 0.0 0.0 0.0 0.0
1.3 4.0 94.7 0.0 0.0 0.0 0.0
5.5 11.0 83.6 0.0 0.0 0.0 0.0
1.4 5.4 93.2 0.0 0.0 0.0 0.0
