1.3 6.4 92.3 0.0 0.0 0.0 0.0
2.6 6.4 91.0 0.0 0.0 0.0 0.0
1.3 7.8 90.9 0.0 0.0 0.0 0.0
5.3 13.3 65.3 10.7 0.0 5.3 0.0
0.0 14.3 84.3 0.0 0.0 1.4 0.0
2.7 13.7 82.2 0.0 0.0 1.4 0.0
1.4 14.3 84.3 0.0 0.0 0.0 0.0
1.3 13.0 83.1 0.0 0.0 2.6 0.0
12.3 15.1 68.5 0.0 0.0 4.1 0.0
2.7 13.7 82.2 0.0 0.0 1.4 0.0
0.0 11.1 86.1 0.0 0.0 2.8 0.0
2.8 9.9 85.9 0.0 0.0 1.4 0.0
2.6 11.7 84.4 0.0 0.0 1.3 0.0
1.4 15.7 82.9 0.0 0.0 0.0 0.0
2.9 10.0 85.7 0.0 0.0 1.4 0.0
1.4 10.0 88.6 0.0 0.0 0.0 0.0
1.4 14.1 84.5 0.0 0.0 0.0 0.0
2.7 11.0 86.3 0.0 0.0 0.0 0.0
2.7 15.1 79.5 0.0 0.0 2.7 0.0
1.4 11.0 84.9 0.0 0.0 2.7 0.0
7.5 10.0 76.2 0.0 0.0 6.2 0.0
1.4 12.5 83.3 0.0 0.0 2.8 0.0
5.5 16.4 75.3 0.0 0.0 2.7 0.0
1.3 13.2 80.3 0.0 0.0 5.3 0.0
1.3 16.0 81.3 0.0 0.0 1.3 0.0
1.4 13.5 83.8 0.0 0.0 1.4 0.0
5.3 18.4 73.7 0.0 0.0 2.6 0.0
1.4 12.5 86.1 0.0 0.0 0.0 0.0
1.4 11.4 82.9 0.0 0.0 4.3 0.0
12.7 23.9 60.6 0.0 0.0 2.8 0.0
2.8 11.3 84.5 0.0 0.0 1.4 0.0
1.3 17.3 80.0 0.0 0.0 1.3 0.0
2.7 13.7 83.6 0.0 0.0 0.0 0.0
1.4 15.1 79.5 0.0 0.0 4.1 0.0
1.4 10.1 88.4 0.0 0.0 0.0 0.0
1.4 12.7 85.9 0.0 0.0 0.0 0.0
2.7 13.7 80.8 0.0 0.0 2.7 0.0
2.7 13.7 82.2 0.0 0.0 1.4 0.0
1.3 16.0 80.0 0.0 0.0 2.7 0.0
4.1 9.5 83.8 0.0 0.0 2.7 0.0
1.5 8.8 88.2 0.0 0.0 1.5 0.0
9.7 9.7 77.8 0.0 0.0 2.8 0.0
0.0 14.1 84.5 0.0 0.0 1.4 0.0
2.8 12.5 83.3 0.0 0.0 1.4 0.0
1.4 9.9 87.3 0.0 0.0 1.4 0.0
1.4 12.5 83.3 0.0 0.0 2.8 0.0
4.1 21.6 67.6 0.0 0.0 6.8 0.0
2.8 11.3 84.5 0.0 0.0 1.4 0.0
1.4 11.1 86.1 0.0 0.0 1.4 0.0
1.4 12.5 84.7 0.0 0.0 1.4 0.0
5.6 9.9 81.7 0.0 0.0 2.8 0.0
4.3 8.6 84.3 0.0 0.0 2.9 0.0
1.4 13.9 81.9 0.0 0.0 2.8 0.0
1.3 3.9 94.7 0.0 0.0 0.0 0.0
1.3 5.3 93.3 0.0 0.0 0.0 0.0
2.6 3.9 93.4 0.0 0.0 0.0 0.0
1.3 5.3 93.4 0.0 0.0 0.0 0.0
0.0 6.6 93.4 0.0 0.0 0.0 0.0
2.6 3.9 93.5 0.0 0.0 0.0 0.0
1.3 6.6 92.1 0.0 0.0 0.0 0.0
