1.3 6.4 92.3 0.0 0.0 0.0 0.0
5.1 11.5 83.3 0.0 0.0 0.0 0.0
2.6 5.1 92.3 0.0 0.0 0.0 0.0
2.6 6.6 90.8 0.0 0.0 0.0 0.0
0.0 11.0 84.9 0.0 0.0 4.1 0.0
1.4 8.3 87.5 0.0 0.0 2.8 0.0
6.6 13.2 76.3 0.0 0.0 3.9 0.0
0.0 9.2 86.8 0.0 0.0 3.9 0.0
2.9 8.6 87.1 0.0 0.0 1.4 0.0
2.8 8.3 84.7 0.0 0.0 4.2 0.0
1.4 9.6 86.3 0.0 0.0 2.7 0.0
5.6 7.0 87.3 0.0 0.0 0.0 0.0
1.4 6.9 88.9 0.0 0.0 2.8 0.0
1.4 9.6 87.7 0.0 0.0 1.4 0.0
1.4 11.0 84.9 0.0 0.0 2.7 0.0
1.4 8.3 88.9 0.0 0.0 1.4 0.0
1.4 9.7 84.7 0.0 0.0 4.2 0.0
1.4 5.7 90.0 0.0 0.0 2.9 0.0
2.8 8.3 86.1 0.0 0.0 2.8 0.0
2.8 11.3 83.1 0.0 0.0 2.8 0.0
24.3 27.0 41.9 0.0 0.0 6.8 0.0
2.7 9.5 85.1 0.0 0.0 2.7 0.0
1.3 9.3 84.0 0.0 0.0 5.3 0.0
2.6 10.3 82.1 0.0 0.0 5.1 0.0
2.7 5.5 87.7 0.0 0.0 4.1 0.0
2.8 13.9 80.6 0.0 0.0 2.8 0.0
5.3 6.6 84.2 0.0 0.0 3.9 0.0
1.4 8.2 86.3 0.0 0.0 4.1 0.0
2.7 9.5 83.8 0.0 0.0 4.1 0.0
2.8 5.6 88.9 0.0 0.0 2.8 0.0
2.7 14.7 78.7 0.0 0.0 4.0 0.0
2.8 6.9 87.5 0.0 0.0 2.8 0.0
2.7 9.5 85.1 0.0 0.0 2.7 0.0
4.1 6.8 84.9 0.0 0.0 4.1 0.0
2.8 9.9 84.5 0.0 0.0 2.8 0.0
1.4 11.0 86.3 0.0 0.0 1.4 0.0
2.9 4.3 91.3 0.0 0.0 1.4 0.0
1.4 8.7 87.0 0.0 0.0 2.9 0.0
2.7 6.8 87.7 0.0 0.0 2.7 0.0
4.1 11.0 82.2 0.0 0.0 2.7 0.0
0.0 11.0 84.9 0.0 0.0 4.1 0.0
1.3 9.2 86.8 0.0 0.0 2.6 0.0
2.7 9.6 82.2 0.0 0.0 5.5 0.0
0.0 13.3 84.0 0.0 0.0 2.7 0.0
1.4 12.5 83.3 0.0 0.0 2.8 0.0
2.6 6.6 86.8 0.0 0.0 3.9 0.0
1.4 9.7 88.9 0.0 0.0 0.0 0.0
0.0 10.7 84.0 0.0 0.0 5.3 0.0
0.0 6.8 91.8 0.0 0.0 1.4 0.0
5.6 19.4 69.4 0.0 0.0 5.6 0.0
2.7 9.6 86.3 0.0 0.0 1.4 0.0
0.0 12.3 86.3 0.0 0.0 1.4 0.0
0.0 10.4 85.7 0.0 0.0 3.9 0.0
2.6 6.4 91.0 0.0 0.0 0.0 0.0
3.9 6.5 89.6 0.0 0.0 0.0 0.0
2.6 5.3 92.1 0.0 0.0 0.0 0.0
3.9 5.2 90.9 0.0 0.0 0.0 0.0
1.3 5.2 93.5 0.0 0.0 0.0 0.0
1.3 4.0 94.7 0.0 0.0 0.0 0.0
2.6 5.2 92.2 0.0 0.0 0.0 0.0
