3.9 6.6 89.5 0.0 0.0 0.0 0.0
1.3 5.3 93.3 0.0 0.0 0.0 0.0
2.6 5.3 92.1 0.0 0.0 0.0 0.0
0.0 15.6 76.6 0.0 0.0 7.8 0.0
1.5 20.9 70.1 0.0 0.0 7.5 0.0
1.5 19.7 71.2 0.0 0.0 7.6 0.0
2.9 15.9 69.6 0.0 0.0 11.6 0.0
1.5 20.6 69.1 0.0 0.0 8.8 0.0
1.5 15.2 74.2 0.0 0.0 9.1 0.0
4.4 17.6 66.2 0.0 0.0 11.8 0.0
1.5 16.7 72.7 0.0 0.0 9.1 0.0
1.5 17.6 70.6 0.0 0.0 10.3 0.0
3.0 16.7 71.2 0.0 0.0 9.1 0.0
6.9 29.2 45.8 0.0 0.0 18.1 0.0
0.0 21.5 69.2 0.0 0.0 9.2 0.0
2.8 16.9 67.6 0.0 0.0 12.7 0.0
2.9 17.6 70.6 0.0 0.0 8.8 0.0
3.0 17.9 70.1 0.0 0.0 9.0 0.0
1.4 18.8 69.6 0.0 0.0 10.1 0.0
1.5 20.0 70.8 0.0 0.0 7.7 0.0
2.9 18.8 69.6 0.0 0.0 8.7 0.0
1.4 17.4 69.6 0.0 0.0 11.6 0.0
4.3 17.1 67.1 0.0 0.0 11.4 0.0
2.8 12.5 73.6 0.0 0.0 11.1 0.0
2.9 23.5 64.7 0.0 0.0 8.8 0.0
2.9 14.7 70.6 0.0 0.0 11.8 0.0
2.9 14.7 70.6 0.0 0.0 11.8 0.0
2.9 20.3 68.1 0.0 0.0 8.7 0.0
1.5 16.4 73.1 0.0 0.0 9.0 0.0
4.3 22.9 60.0 0.0 0.0 12.9 0.0
2.7 22.7 57.3 0.0 0.0 17.3 0.0
1.5 16.4 73.1 0.0 0.0 9.0 0.0
4.3 17.1 68.6 0.0 0.0 10.0 0.0
3.1 15.4 73.8 0.0 0.0 7.7 0.0
5.9 17.6 64.7 0.0 0.0 11.8 0.0
1.4 17.4 71.0 0.0 0.0 10.1 0.0
5.6 14.1 66.2 0.0 0.0 14.1 0.0
3.0 13.6 74.2 0.0 0.0 9.1 0.0
1.5 15.2 74.2 0.0 0.0 9.1 0.0
4.3 15.9 68.1 0.0 0.0 11.6 0.0
1.3 13.3 74.7 0.0 0.0 10.7 0.0
1.2 16.5 69.4 0.0 0.0 12.9 0.0
4.3 14.5 69.6 0.0 0.0 11.6 0.0
0.0 17.5 74.6 0.0 0.0 7.9 0.0
3.0 16.4 71.6 0.0 0.0 9.0 0.0
0.0 17.4 72.5 0.0 0.0 10.1 0.0
2.9 21.7 66.7 0.0 0.0 8.7 0.0
3.0 15.2 72.7 0.0 0.0 9.1 0.0
1.4 15.7 68.6 0.0 0.0 14.3 0.0
6.1 19.7 63.6 0.0 0.0 10.6 0.0
1.5 15.2 74.2 0.0 0.0 9.1 0.0
7.1 17.1 67.1 0.0 0.0 8.6 0.0
3.0 16.4 67.2 0.0 0.0 13.4 0.0
1.3 6.6 92.1 0.0 0.0 0.0 0.0
0.0 4.0 96.0 0.0 0.0 0.0 0.0
1.3 5.3 93.4 0.0 0.0 0.0 0.0
3.9 5.2 90.9 0.0 0.0 0.0 0.0
2.8 5.6 91.7 0.0 0.0 0.0 0.0
0.0 6.7 93.3 0.0 0.0 0.0 0.0
2.6 3.9 93.4 0.0 0.0 0.0 0.0
