2.5 6.3 91.1 0.0 0.0 0.0 0.0
2.6 2.6 94.9 0.0 0.0 0.0 0.0
2.6 9.1 88.3 0.0 0.0 0.0 0.0
2.6 5.1 92.3 0.0 0.0 0.0 0.0
0.0 11.0 82.9 0.0 0.0 6.1 0.0
1.4 10.1 87.0 0.0 0.0 1.4 0.0
1.2 12.0 81.9 0.0 0.0 4.8 0.0
1.4 10.8 82.4 0.0 0.0 5.4 0.0
2.7 13.3 81.3 0.0 0.0 2.7 0.0
0.0 13.0 77.9 0.0 0.0 9.1 0.0
3.8 10.3 83.3 0.0 0.0 2.6 0.0
2.5 8.6 81.5 0.0 0.0 7.4 0.0
2.5 7.4 84.0 0.0 0.0 6.2 0.0
1.4 6.8 82.2 0.0 0.0 9.6 0.0
0.0 11.1 83.3 0.0 0.0 5.6 0.0
12.3 34.2 42.5 0.0 0.0 11.0 0.0
4.1 9.6 80.8 0.0 0.0 5.5 0.0
3.8 9.0 82.1 0.0 0.0 5.1 0.0
2.5 6.2 82.7 0.0 0.0 8.6 0.0
1.4 5.8 89.9 0.0 0.0 2.9 0.0
2.8 9.7 80.6 0.0 0.0 6.9 0.0
2.5 11.1 79.0 0.0 0.0 7.4 0.0
2.7 9.5 82.4 0.0 0.0 5.4 0.0
2.5 9.9 81.5 0.0 0.0 6.2 0.0
2.7 8.1 86.5 0.0 0.0 2.7 0.0
10.7 10.7 70.7 0.0 0.0 8.0 0.0
0.0 11.0 86.3 0.0 0.0 2.7 0.0
2.5 8.8 81.2 0.0 0.0 7.5 0.0
1.4 11.1 84.7 0.0 0.0 2.8 0.0
1.4 8.6 87.1 0.0 0.0 2.9 0.0
5.3 8.0 81.3 0.0 0.0 5.3 0.0
1.4 8.3 83.3 0.0 0.0 6.9 0.0
1.4 10.0 87.1 0.0 0.0 1.4 0.0
1.3 6.7 82.7 0.0 0.0 9.3 0.0
5.3 9.3 78.7 0.0 0.0 6.7 0.0
1.4 6.9 86.1 0.0 0.0 5.6 0.0
2.8 6.9 84.7 0.0 0.0 5.6 0.0
3.6 9.5 78.6 0.0 0.0 8.3 0.0
1.4 8.3 86.1 0.0 0.0 4.2 0.0
1.4 9.9 83.1 0.0 0.0 5.6 0.0
5.3 8.0 80.0 0.0 0.0 6.7 0.0
1.4 8.5 84.5 0.0 0.0 5.6 0.0
1.4 9.5 83.8 0.0 0.0 5.4 0.0
2.7 17.3 70.7 0.0 0.0 9.3 0.0
1.3 7.7 87.2 0.0 0.0 3.8 0.0
2.9 7.1 87.1 0.0 0.0 2.9 0.0
1.4 9.9 83.1 0.0 0.0 5.6 0.0
2.8 9.7 84.7 0.0 0.0 2.8 0.0
4.2 11.1 80.6 0.0 0.0 4.2 0.0
1.2 7.1 82.1 0.0 0.0 9.5 0.0
2.7 9.6 83.6 0.0 0.0 4.1 0.0
1.2 8.6 82.7 0.0 0.0 7.4 0.0
2.7 6.8 84.9 0.0 0.0 5.5 0.0
1.3 5.2 93.5 0.0 0.0 0.0 0.0
2.7 4.1 93.2 0.0 0.0 0.0 0.0
2.6 7.8 89.6 0.0 0.0 0.0 0.0
1.3 5.1 93.6 0.0 0.0 0.0 0.0
24.1 16.5 58.2 0.0 0.0 0.0 0.0
1.3 5.2 93.5 0.0 0.0 0.0 0.0
0.0 5.2 94.8 0.0 0.0 0.0 0.0
