2.7 4.1 93.2 0.0 0.0 0.0 0.0
4.1 27.0 68.9 0.0 0.0 0.0 0.0
1.3 4.0 94.7 0.0 0.0 0.0 0.0
1.4 4.1 91.9 2.7 0.0 0.0 0.0
1.6 9.4 78.1 0.0 0.0 10.9 0.0
1.5 11.9 74.6 0.0 0.0 11.9 0.0
3.2 11.3 80.6 0.0 0.0 4.8 0.0
12.1 12.1 65.2 0.0 0.0 10.6 0.0
1.5 10.4 74.6 1.5 0.0 11.9 0.0
3.2 4.8 81.0 0.0 0.0 11.1 0.0
2.7 9.5 75.7 0.0 0.0 12.2 0.0
3.2 9.5 79.4 0.0 0.0 7.9 0.0
3.1 12.3 75.4 0.0 0.0 9.2 0.0
0.0 13.1 80.3 0.0 0.0 6.6 0.0
1.6 9.5 79.4 0.0 0.0 9.5 0.0
3.0 9.0 73.1 0.0 0.0 14.9 0.0
1.6 12.5 78.1 0.0 0.0 7.8 0.0
0.0 13.8 76.9 0.0 0.0 9.2 0.0
3.1 7.7 76.9 0.0 0.0 12.3 0.0
1.5 12.1 77.3 0.0 0.0 9.1 0.0
4.3 10.0 71.4 0.0 0.0 14.3 0.0
7.2 20.3 53.6 0.0 0.0 17.4 0.0
3.1 9.2 76.9 0.0 0.0 10.8 0.0
1.4 9.6 79.5 0.0 0.0 9.6 0.0
1.6 9.4 79.7 0.0 0.0 9.4 0.0
2.9 10.3 73.5 0.0 0.0 13.2 0.0
3.2 9.5 79.4 0.0 0.0 7.9 0.0
1.6 10.9 78.1 0.0 0.0 9.4 0.0
1.5 10.6 78.8 0.0 0.0 9.1 0.0
1.6 9.4 79.7 0.0 0.0 9.4 0.0
0.0 10.8 76.9 0.0 0.0 12.3 0.0
1.3 11.8 73.7 0.0 0.0 13.2 0.0
3.0 12.1 71.2 0.0 0.0 13.6 0.0
2.9 11.6 75.4 0.0 0.0 10.1 0.0
1.5 13.6 77.3 0.0 0.0 7.6 0.0
1.6 9.4 78.1 0.0 0.0 10.9 0.0
4.5 11.9 70.1 0.0 0.0 13.4 0.0
1.5 11.8 73.5 0.0 0.0 13.2 0.0
2.7 14.7 69.3 0.0 0.0 13.3 0.0
1.5 12.1 74.2 0.0 0.0 12.1 0.0
3.1 7.7 78.5 0.0 0.0 10.8 0.0
3.1 15.4 72.3 0.0 0.0 9.2 0.0
0.0 9.5 77.0 0.0 0.0 13.5 0.0
1.5 12.3 80.0 0.0 0.0 6.2 0.0
3.0 13.4 74.6 0.0 0.0 9.0 0.0
1.6 9.4 79.7 0.0 0.0 9.4 0.0
7.2 13.0 68.1 0.0 0.0 11.6 0.0
4.1 10.8 74.3 0.0 0.0 10.8 0.0
1.5 12.3 76.9 0.0 0.0 9.2 0.0
3.2 9.5 79.4 0.0 0.0 7.9 0.0
1.5 10.8 63.1 13.8 0.0 10.8 0.0
3.0 15.2 71.2 0.0 0.0 10.6 0.0
1.2 13.3 74.7 0.0 0.0 10.8 0.0
1.5 11.8 73.5 0.0 0.0 13.2 0.0
0.0 6.8 93.2 0.0 0.0 0.0 0.0
2.6 7.9 89.5 0.0 0.0 0.0 0.0
2.7 2.7 94.5 0.0 0.0 0.0 0.0
4.2 11.1 84.7 0.0 0.0 0.0 0.0
1.3 5.3 93.3 0.0 0.0 0.0 0.0
2.7 2.7 94.7 0.0 0.0 0.0 0.0
