1.3 7.9 90.8 0.0 0.0 0.0 0.0
5.4 25.7 68.9 0.0 0.0 0.0 0.0
2.6 7.8 89.6 0.0 0.0 0.0 0.0
1.4 5.5 93.2 0.0 0.0 0.0 0.0
1.4 8.7 85.5 0.0 0.0 4.3 0.0
0.0 7.7 89.2 0.0 0.0 3.1 0.0
2.9 8.6 84.3 0.0 0.0 4.3 0.0
1.4 8.7 85.5 0.0 0.0 4.3 0.0
4.3 7.2 84.1 0.0 0.0 4.3 0.0
1.5 8.8 86.8 0.0 0.0 2.9 0.0
0.0 8.6 88.6 0.0 0.0 2.9 0.0
1.3 6.7 85.3 0.0 0.0 6.7 0.0
1.4 10.0 82.9 0.0 0.0 5.7 0.0
1.5 7.5 86.6 0.0 0.0 4.5 0.0
1.5 5.9 86.8 0.0 0.0 5.9 0.0
1.5 7.5 85.1 0.0 0.0 6.0 0.0
2.9 5.9 86.8 0.0 0.0 4.4 0.0
0.0 11.8 85.3 0.0 0.0 2.9 0.0
4.5 6.1 86.4 0.0 0.0 3.0 0.0
1.4 8.3 84.7 0.0 0.0 5.6 0.0
0.0 7.5 88.1 0.0 0.0 4.5 0.0
0.0 6.2 90.8 0.0 0.0 3.1 0.0
1.4 11.6 82.6 0.0 0.0 4.3 0.0
2.9 8.8 85.3 0.0 0.0 2.9 0.0
3.0 4.5 88.1 0.0 0.0 4.5 0.0
1.5 7.4 86.8 0.0 0.0 4.4 0.0
1.3 10.5 81.6 0.0 0.0 6.6 0.0
2.9 11.4 80.0 0.0 0.0 5.7 0.0
1.4 8.7 84.1 0.0 0.0 5.8 0.0
4.2 9.9 78.9 0.0 0.0 7.0 0.0
1.5 13.2 82.4 0.0 0.0 2.9 0.0
3.0 7.5 85.1 0.0 0.0 4.5 0.0
0.0 9.1 86.4 0.0 0.0 4.5 0.0
2.8 8.3 81.9 0.0 0.0 6.9 0.0
1.4 8.3 83.3 0.0 0.0 6.9 0.0
1.4 7.2 85.5 0.0 0.0 5.8 0.0
2.9 7.4 85.3 0.0 0.0 4.4 0.0
4.2 11.3 77.5 0.0 0.0 7.0 0.0
1.4 8.6 84.3 0.0 0.0 5.7 0.0
1.4 8.6 82.9 0.0 0.0 7.1 0.0
1.5 6.1 90.9 0.0 0.0 1.5 0.0
4.3 8.7 81.2 0.0 0.0 5.8 0.0
2.9 8.7 84.1 0.0 0.0 4.3 0.0
1.4 9.9 81.7 0.0 0.0 7.0 0.0
1.4 11.4 82.9 0.0 0.0 4.3 0.0
2.9 5.8 85.5 0.0 0.0 5.8 0.0
4.3 10.0 82.9 0.0 0.0 2.9 0.0
2.9 8.7 84.1 0.0 0.0 4.3 0.0
1.4 8.7 85.5 0.0 0.0 4.3 0.0
3.0 14.9 80.6 0.0 0.0 1.5 0.0
1.4 4.3 90.0 0.0 0.0 4.3 0.0
4.2 9.9 78.9 0.0 0.0 7.0 0.0
1.4 10.1 84.1 0.0 0.0 4.3 0.0
0.0 9.1 86.4 0.0 0.0 4.5 0.0
1.4 4.2 94.4 0.0 0.0 0.0 0.0
1.3 4.0 94.7 0.0 0.0 0.0 0.0
2.9 8.6 88.6 0.0 0.0 0.0 0.0
1.4 4.1 94.5 0.0 0.0 0.0 0.0
1.4 5.5 93.2 0.0 0.0 0.0 0.0
1.3 6.7 92.0 0.0 0.0 0.0 0.0
