5.5 16.4 78.1 0.0 0.0 0.0 0.0
2.6 3.9 92.2 0.0 0.0 1.3 0.0
2.7 6.8 90.4 0.0 0.0 0.0 0.0
1.5 7.5 74.6 14.9 0.0 1.5 0.0
1.5 7.6 90.9 0.0 0.0 0.0 0.0
4.2 8.3 83.3 0.0 0.0 4.2 0.0
1.5 7.5 91.0 0.0 0.0 0.0 0.0
1.5 11.8 86.8 0.0 0.0 0.0 0.0
1.5 8.8 89.7 0.0 0.0 0.0 0.0
1.5 7.5 89.6 0.0 0.0 1.5 0.0
3.0 7.5 88.1 0.0 0.0 1.5 0.0
2.9 5.9 89.7 0.0 0.0 1.5 0.0
1.4 8.6 87.1 0.0 0.0 2.9 0.0
0.0 10.0 87.1 0.0 0.0 2.9 0.0
1.5 7.5 89.6 0.0 0.0 1.5 0.0
1.4 8.7 87.0 0.0 0.0 2.9 0.0
1.4 11.6 85.5 0.0 0.0 1.4 0.0
1.5 8.8 88.2 0.0 0.0 1.5 0.0
2.7 8.2 89.0 0.0 0.0 0.0 0.0
9.5 18.9 64.9 0.0 0.0 6.8 0.0
0.0 10.3 88.2 0.0 0.0 1.5 0.0
0.0 8.8 89.7 0.0 0.0 1.5 0.0
2.9 7.4 86.8 0.0 0.0 2.9 0.0
0.0 7.6 92.4 0.0 0.0 0.0 0.0
2.9 10.0 84.3 0.0 0.0 2.9 0.0
1.5 7.5 89.6 0.0 0.0 1.5 0.0
2.9 7.1 87.1 0.0 0.0 2.9 0.0
1.4 10.8 83.8 0.0 0.0 4.1 0.0
2.9 11.4 80.0 0.0 0.0 5.7 0.0
1.5 9.0 88.1 0.0 0.0 1.5 0.0
0.0 11.6 88.4 0.0 0.0 0.0 0.0
1.5 9.0 86.6 0.0 0.0 3.0 0.0
1.5 10.3 86.8 0.0 0.0 1.5 0.0
1.4 9.7 87.5 0.0 0.0 1.4 0.0
1.4 10.1 85.5 0.0 0.0 2.9 0.0
0.0 9.0 91.0 0.0 0.0 0.0 0.0
1.4 13.0 84.1 0.0 0.0 1.4 0.0
1.4 12.7 83.1 0.0 0.0 2.8 0.0
1.5 7.5 91.0 0.0 0.0 0.0 0.0
1.4 10.0 84.3 0.0 0.0 4.3 0.0
2.9 8.6 87.1 0.0 0.0 1.4 0.0
5.6 9.7 83.3 0.0 0.0 1.4 0.0
2.8 9.7 86.1 0.0 0.0 1.4 0.0
1.4 9.7 86.1 0.0 0.0 2.8 0.0
2.9 11.6 84.1 0.0 0.0 1.4 0.0
2.8 8.5 87.3 0.0 0.0 1.4 0.0
2.8 13.9 80.6 0.0 0.0 2.8 0.0
2.9 10.1 85.5 0.0 0.0 1.4 0.0
1.4 9.9 85.9 0.0 0.0 2.8 0.0
2.9 21.4 74.3 0.0 0.0 1.4 0.0
2.9 8.6 88.6 0.0 0.0 0.0 0.0
2.9 11.8 85.3 0.0 0.0 0.0 0.0
2.9 10.1 85.5 0.0 0.0 1.4 0.0
1.3 4.0 94.7 0.0 0.0 0.0 0.0
2.7 5.4 91.9 0.0 0.0 0.0 0.0
0.0 4.1 95.9 0.0 0.0 0.0 0.0
4.1 9.5 86.5 0.0 0.0 0.0 0.0
1.4 5.4 93.2 0.0 0.0 0.0 0.0
2.6 5.3 92.1 0.0 0.0 0.0 0.0
1.4 5.5 93.2 0.0 0.0 0.0 0.0
