0.4 0.8 98.8 0.0 0.0 0.0 0.0
0.2 0.3 99.5 0.0 0.0 0.0 0.0
2.3 0.3 97.4 0.0 0.0 0.0 0.0
2.2 0.3 97.4 0.0 0.0 0.1 0.0
2.1 0.3 97.4 0.0 0.0 0.1 0.0
2.1 0.3 97.4 0.0 0.0 0.2 0.0
1.8 0.5 97.5 0.0 0.0 0.2 0.0
1.7 0.6 97.4 0.0 0.0 0.3 0.0
1.6 0.7 97.3 0.0 0.0 0.3 0.0
1.5 0.8 97.3 0.0 0.0 0.4 0.0
1.4 0.7 97.4 0.0 0.0 0.5 0.0
1.5 0.7 97.2 0.0 0.0 0.6 0.0
0.8 1.3 97.0 0.0 0.0 0.8 0.0
0.7 1.6 96.9 0.0 0.0 0.8 0.0
0.2 2.2 97.0 0.0 0.0 0.6 0.0
0.3 2.7 96.3 0.0 0.0 0.7 0.0
0.2 2.8 96.2 0.0 0.0 0.7 0.0
0.2 2.4 96.3 0.0 0.0 1.0 0.0
0.3 3.3 95.6 0.0 0.0 0.7 0.0
0.1 3.6 95.8 0.0 0.0 0.5 0.0
0.1 2.9 96.0 0.0 0.0 0.9 0.0
0.2 2.7 96.9 0.0 0.0 0.2 0.0
2.2 0.5 97.2 0.0 0.0 0.1 0.0
2.0 0.7 97.2 0.0 0.0 0.1 0.0
0.1 1.7 96.8 0.0 0.0 1.4 0.0
0.1 1.1 97.5 0.0 0.0 1.3 0.0
0.2 1.1 97.5 0.0 0.0 1.2 0.0
1.6 1.2 96.0 0.0 0.0 1.3 0.0
0.4 1.3 97.4 0.0 0.0 0.9 0.0
0.1 1.7 97.6 0.0 0.0 0.6 0.0
0.2 0.8 97.4 0.0 0.0 1.6 0.0
0.1 0.4 97.6 0.0 0.0 1.9 0.0
0.1 0.4 97.7 0.0 0.0 1.9 0.0
0.1 2.4 97.5 0.0 0.0 0.0 0.0
0.2 2.4 97.3 0.0 0.0 0.0 0.0
0.4 2.2 97.5 0.0 0.0 0.0 0.0
0.2 1.7 97.5 0.0 0.0 0.6 0.0
2.2 0.2 97.5 0.0 0.0 0.0 0.0
2.2 0.4 97.4 0.0 0.0 0.0 0.0
1.9 0.5 97.4 0.0 0.0 0.2 0.0
1.3 0.5 97.5 0.0 0.0 0.7 0.0
0.2 1.9 97.4 0.0 0.0 0.5 0.0
0.1 2.3 97.5 0.0 0.0 0.0 0.0
0.7 3.7 95.6 0.0 0.0 0.1 0.0
0.2 3.3 95.7 0.0 0.0 0.7 0.0
0.2 3.5 95.6 0.0 0.0 0.6 0.0
0.1 2.4 96.5 0.0 0.0 1.0 0.0
0.2 1.2 97.2 0.0 0.0 1.4 0.0
0.1 2.2 97.5 0.0 0.0 0.2 0.0
0.3 2.4 97.2 0.0 0.0 0.1 0.0
0.4 3.1 96.4 0.0 0.0 0.1 0.0
0.2 4.0 95.5 0.0 0.0 0.3 0.0
0.2 2.5 97.0 0.0 0.0 0.3 0.0
0.2 0.4 99.4 0.0 0.0 0.0 0.0
0.5 0.6 98.9 0.0 0.0 0.0 0.0
0.1 0.4 99.5 0.0 0.0 0.0 0.0
0.3 0.4 99.3 0.0 0.0 0.0 0.0
0.2 0.4 99.4 0.0 0.0 0.0 0.0
0.2 0.4 99.4 0.0 0.0 0.0 0.0
2.0 0.4 97.5 0.0 0.0 0.0 0.0
