1.7 0.9 97.4 0.0 0.0 0.0 0.0
0.1 0.4 99.5 0.0 0.0 0.0 0.0
1.9 0.4 97.3 0.0 0.0 0.3 0.0
2.2 0.4 97.4 0.0 0.0 0.0 0.0
2.2 0.2 97.5 0.0 0.0 0.0 0.0
2.3 0.2 97.5 0.0 0.0 0.0 0.0
2.2 0.2 97.6 0.0 0.0 0.0 0.0
2.1 0.2 97.5 0.0 0.0 0.1 0.0
1.7 0.6 97.5 0.0 0.0 0.2 0.0
2.0 1.1 96.0 0.0 0.0 0.9 0.0
0.2 1.8 96.9 0.0 0.0 1.1 0.0
0.4 2.3 96.4 0.0 0.0 0.9 0.0
0.1 1.1 97.0 0.0 0.0 1.8 0.0
0.1 2.9 95.8 0.0 0.0 1.2 0.0
0.3 1.8 96.4 0.0 0.0 1.5 0.0
0.2 2.5 95.8 0.0 0.0 1.4 0.0
0.1 3.0 96.1 0.0 0.0 0.8 0.0
0.2 1.6 96.7 0.0 0.0 1.5 0.0
0.3 2.0 97.2 0.0 0.0 0.4 0.0
0.2 1.4 97.3 0.0 0.0 1.1 0.0
0.3 1.6 97.4 0.0 0.0 0.7 0.0
0.2 1.0 97.5 0.0 0.0 1.4 0.0
0.2 1.3 97.4 0.0 0.0 1.1 0.0
0.8 2.6 95.9 0.0 0.0 0.7 0.0
0.1 0.8 97.5 0.0 0.0 1.6 0.0
0.2 1.3 97.4 0.0 0.0 1.1 0.0
0.1 0.3 97.6 0.0 0.0 2.0 0.0
0.1 0.2 97.6 0.0 0.0 2.1 0.0
0.1 0.2 97.6 0.0 0.0 2.1 0.0
0.0 0.6 97.5 0.0 0.0 2.0 0.0
0.1 0.6 97.5 0.0 0.0 1.8 0.0
0.1 1.2 97.7 0.0 0.0 1.1 0.0
0.1 1.7 97.6 0.0 0.0 0.6 0.0
0.1 2.4 95.5 0.0 0.0 1.9 0.0
0.2 2.9 96.2 0.0 0.0 0.7 0.0
0.2 1.4 97.5 0.0 0.0 0.8 0.0
0.1 1.0 97.5 0.0 0.0 1.4 0.0
0.0 0.2 97.7 0.0 0.0 2.0 0.0
0.2 2.8 96.5 0.0 0.0 0.5 0.0
0.1 1.5 97.4 0.0 0.0 0.9 0.0
0.1 1.6 95.5 0.0 0.0 2.8 0.0
0.1 2.0 95.5 0.0 0.0 2.4 0.0
0.0 3.5 96.3 0.0 0.0 0.2 0.0
0.5 1.9 97.6 0.0 0.0 0.0 0.0
2.2 0.1 97.7 0.0 0.0 0.0 0.0
2.3 0.4 97.4 0.0 0.0 0.0 0.0
2.3 0.2 97.5 0.0 0.0 0.0 0.0
2.1 0.2 97.6 0.0 0.0 0.0 0.0
2.1 0.2 97.6 0.0 0.0 0.0 0.0
2.3 0.4 97.3 0.0 0.0 0.0 0.0
2.2 0.5 97.2 0.0 0.0 0.0 0.0
2.4 0.3 97.2 0.0 0.0 0.0 0.0
2.0 0.3 97.6 0.0 0.0 0.0 0.0
0.2 0.3 99.5 0.0 0.0 0.0 0.0
0.2 0.3 99.5 0.0 0.0 0.0 0.0
0.2 0.3 99.5 0.0 0.0 0.0 0.0
0.2 0.4 99.3 0.0 0.0 0.0 0.0
0.2 0.3 99.5 0.0 0.0 0.0 0.0
0.2 0.2 99.6 0.0 0.0 0.0 0.0
0.1 0.3 99.6 0.0 0.0 0.0 0.0
