0.2 0.6 99.2 0.0 0.0 0.0 0.0
0.3 0.6 99.1 0.0 0.0 0.0 0.0
1.8 1.6 95.7 0.0 0.0 1.0 0.0
0.1 2.2 96.5 0.0 0.0 1.1 0.0
0.1 2.1 96.7 0.0 0.0 1.1 0.0
0.4 2.5 95.9 0.0 0.0 1.2 0.0
0.2 2.2 96.6 0.0 0.0 0.9 0.0
0.1 2.1 96.4 0.0 0.0 1.3 0.0
0.1 2.2 96.6 0.0 0.0 1.1 0.0
0.1 2.4 96.6 0.0 0.0 0.9 0.0
0.5 2.4 96.0 0.0 0.0 1.0 0.0
0.1 2.0 96.8 0.0 0.0 1.1 0.0
0.1 1.9 96.5 0.0 0.0 1.4 0.0
0.2 2.0 96.9 0.0 0.0 0.8 0.0
0.2 2.0 97.1 0.0 0.0 0.7 0.0
0.1 2.0 97.3 0.0 0.0 0.6 0.0
0.2 2.0 96.4 0.0 0.0 1.4 0.0
0.2 2.2 96.4 0.0 0.0 1.1 0.0
0.1 2.1 96.8 0.0 0.0 1.0 0.0
0.3 2.5 96.2 0.0 0.0 0.9 0.0
0.2 2.2 96.6 0.0 0.0 0.9 0.0
0.1 2.1 96.6 0.0 0.0 1.2 0.0
0.3 2.3 96.8 0.0 0.0 0.6 0.0
0.2 2.3 96.3 0.0 0.0 1.2 0.0
0.2 2.3 96.7 0.0 0.0 0.8 0.0
0.2 2.3 96.1 0.0 0.0 1.4 0.0
0.2 2.4 96.1 0.0 0.0 1.3 0.0
0.2 2.3 96.4 0.0 0.0 1.1 0.0
2.0 2.5 94.4 0.0 0.0 1.1 0.0
0.4 2.0 96.6 0.0 0.0 1.0 0.0
0.2 2.2 96.6 0.0 0.0 1.1 0.0
0.3 2.1 96.5 0.0 0.0 1.1 0.0
0.2 2.2 96.7 0.0 0.0 0.8 0.0
0.3 2.4 96.1 0.0 0.0 1.2 0.0
0.2 2.4 96.4 0.0 0.0 1.1 0.0
0.1 2.4 96.5 0.0 0.0 1.1 0.0
0.2 2.3 96.6 0.0 0.0 1.0 0.0
0.3 2.0 96.5 0.0 0.0 1.2 0.0
0.2 2.2 96.5 0.0 0.0 1.0 0.0
0.1 2.1 96.7 0.0 0.0 1.1 0.0
0.2 2.4 96.5 0.0 0.0 0.8 0.0
0.2 2.3 96.6 0.0 0.0 0.9 0.0
0.4 2.2 96.3 0.0 0.0 1.0 0.0
0.2 2.1 96.6 0.0 0.0 1.0 0.0
0.2 2.2 96.7 0.0 0.0 0.9 0.0
0.2 2.2 96.6 0.0 0.0 0.9 0.0
0.1 2.4 96.7 0.0 0.0 0.8 0.0
0.3 2.2 96.5 0.0 0.0 0.9 0.0
0.1 2.3 96.7 0.0 0.0 0.9 0.0
0.1 2.2 96.8 0.0 0.0 0.9 0.0
0.1 2.1 96.7 0.0 0.0 1.1 0.0
0.2 2.3 96.5 0.0 0.0 1.1 0.0
0.2 0.2 99.6 0.0 0.0 0.0 0.0
0.2 0.3 99.5 0.0 0.0 0.0 0.0
0.2 0.4 99.4 0.0 0.0 0.0 0.0
0.1 0.4 99.5 0.0 0.0 0.0 0.0
0.2 0.3 99.5 0.0 0.0 0.0 0.0
0.1 0.4 99.5 0.0 0.0 0.0 0.0
0.2 0.3 99.5 0.0 0.0 0.0 0.0
0.3 0.4 99.2 0.0 0.0 0.0 0.0
