0.6 1.3 98.1 0.0 0.0 0.0 0.0
0.2 0.3 99.5 0.0 0.0 0.0 0.0
1.2 1.5 97.1 0.0 0.0 0.2 0.0
1.3 1.4 97.2 0.0 0.0 0.0 0.0
1.7 1.4 96.9 0.0 0.0 0.0 0.0
1.2 1.3 97.1 0.0 0.0 0.4 0.0
0.7 1.6 97.1 0.0 0.0 0.6 0.0
1.6 1.4 97.0 0.0 0.0 0.0 0.0
0.4 2.2 96.5 0.0 0.0 1.0 0.0
0.2 1.5 97.0 0.0 0.0 1.2 0.0
0.1 1.2 97.0 0.0 0.0 1.7 0.0
0.2 0.3 97.5 0.0 0.0 2.0 0.0
0.6 1.3 96.3 0.0 0.0 1.8 0.0
0.3 2.3 97.4 0.0 0.0 0.0 0.0
0.2 2.2 97.6 0.0 0.0 0.0 0.0
0.3 2.1 97.6 0.0 0.0 0.0 0.0
0.2 2.3 97.5 0.0 0.0 0.0 0.0
0.2 2.4 97.4 0.0 0.0 0.0 0.0
0.6 2.1 97.3 0.0 0.0 0.0 0.0
0.2 2.3 97.4 0.0 0.0 0.0 0.0
0.2 2.3 97.4 0.0 0.0 0.0 0.0
0.2 2.3 97.5 0.0 0.0 0.0 0.0
0.1 2.5 97.4 0.0 0.0 0.0 0.0
0.2 0.6 97.4 0.0 0.0 1.8 0.0
0.2 0.5 97.2 0.0 0.0 2.1 0.0
0.1 0.2 97.5 0.0 0.0 2.1 0.0
0.1 2.3 97.6 0.0 0.0 0.0 0.0
0.1 2.3 97.6 0.0 0.0 0.0 0.0
2.3 0.3 97.4 0.0 0.0 0.0 0.0
4.6 1.4 94.0 0.0 0.0 0.0 0.0
2.2 0.2 97.6 0.0 0.0 0.0 0.0
2.2 0.2 97.6 0.0 0.0 0.0 0.0
2.2 0.2 97.6 0.0 0.0 0.0 0.0
2.3 0.3 97.4 0.0 0.0 0.0 0.0
2.4 0.5 97.2 0.0 0.0 0.0 0.0
2.2 0.3 97.5 0.0 0.0 0.0 0.0
2.3 0.3 97.3 0.0 0.0 0.0 0.0
2.2 0.3 97.5 0.0 0.0 0.0 0.0
2.2 0.3 97.5 0.0 0.0 0.0 0.0
2.4 0.3 97.2 0.0 0.0 0.0 0.0
2.2 0.3 97.5 0.0 0.0 0.0 0.0
2.2 0.3 97.5 0.0 0.0 0.0 0.0
2.1 0.3 97.5 0.0 0.0 0.0 0.0
2.4 0.3 97.3 0.0 0.0 0.0 0.0
2.4 0.4 97.2 0.0 0.0 0.0 0.0
2.2 0.3 97.4 0.0 0.0 0.0 0.0
2.2 0.3 97.4 0.0 0.0 0.0 0.0
2.4 0.2 97.3 0.0 0.0 0.0 0.0
2.3 0.2 97.4 0.0 0.0 0.0 0.0
2.4 0.4 97.3 0.0 0.0 0.0 0.0
2.2 0.1 97.7 0.0 0.0 0.0 0.0
2.3 0.6 97.1 0.0 0.0 0.0 0.0
2.2 0.2 97.5 0.0 0.0 0.0 0.0
0.1 0.2 99.7 0.0 0.0 0.0 0.0
0.1 0.3 99.5 0.0 0.0 0.0 0.0
0.3 0.4 99.2 0.0 0.0 0.0 0.0
0.1 0.2 99.7 0.0 0.0 0.0 0.0
0.2 0.2 99.5 0.0 0.0 0.0 0.0
0.2 0.2 99.5 0.0 0.0 0.0 0.0
0.1 0.2 99.7 0.0 0.0 0.0 0.0
