0.5 0.7 98.8 0.0 0.0 0.0 0.0
2.2 0.2 97.4 0.0 0.0 0.1 0.0
2.2 0.4 97.5 0.0 0.0 0.0 0.0
2.4 0.6 97.0 0.0 0.0 0.0 0.0
2.2 0.2 97.6 0.0 0.0 0.0 0.0
2.2 0.1 97.6 0.0 0.0 0.0 0.0
2.3 0.3 97.3 0.0 0.0 0.0 0.0
2.4 0.4 97.2 0.0 0.0 0.0 0.0
2.3 0.7 96.9 0.0 0.0 0.0 0.0
2.2 0.3 97.4 0.0 0.0 0.0 0.0
2.2 0.3 97.5 0.0 0.0 0.0 0.0
2.3 0.8 96.9 0.0 0.0 0.0 0.0
2.1 1.3 96.7 0.0 0.0 0.0 0.0
1.5 1.7 96.4 0.0 0.0 0.3 0.0
1.2 2.7 95.8 0.0 0.0 0.3 0.0
0.4 2.8 95.9 0.0 0.0 0.9 0.0
0.2 3.4 95.8 0.0 0.0 0.6 0.0
0.2 3.7 95.6 0.0 0.0 0.5 0.0
0.2 2.4 96.8 0.0 0.0 0.6 0.0
0.2 3.0 96.1 0.0 0.0 0.7 0.0
0.3 3.5 95.8 0.0 0.0 0.3 0.0
0.3 3.3 95.8 0.0 0.0 0.6 0.0
0.2 3.9 95.6 0.0 0.0 0.3 0.0
0.2 2.7 96.3 0.0 0.0 0.8 0.0
0.5 3.9 94.8 0.0 0.0 0.6 0.0
0.2 3.5 96.0 0.0 0.0 0.3 0.0
0.3 3.7 95.5 0.0 0.0 0.5 0.0
0.2 2.0 96.5 0.0 0.0 1.3 0.0
0.1 3.4 96.0 0.0 0.0 0.5 0.0
0.1 3.7 95.9 0.0 0.0 0.2 0.0
0.1 1.6 97.1 0.0 0.0 1.1 0.0
0.2 3.1 96.2 0.0 0.0 0.4 0.0
0.2 3.4 96.0 0.0 0.0 0.4 0.0
0.2 2.4 96.2 0.0 0.0 1.1 0.0
0.1 3.7 95.9 0.0 0.0 0.3 0.0
0.2 3.7 95.6 0.0 0.0 0.5 0.0
0.2 2.1 96.8 0.0 0.0 0.8 0.0
0.2 2.8 96.6 0.0 0.0 0.4 0.0
0.5 2.7 96.7 0.0 0.0 0.1 0.0
0.4 1.5 97.2 0.0 0.0 0.9 0.0
0.0 2.0 97.8 0.0 0.0 0.2 0.0
0.1 2.2 97.3 0.0 0.0 0.4 0.0
0.2 2.5 96.9 0.0 0.0 0.4 0.0
0.1 1.1 97.5 0.0 0.0 1.3 0.0
0.2 3.3 96.4 0.0 0.0 0.1 0.0
0.2 2.3 97.5 0.0 0.0 0.0 0.0
0.2 2.1 97.5 0.0 0.0 0.2 0.0
0.2 1.3 96.9 0.0 0.0 1.6 0.0
0.2 2.1 97.4 0.0 0.0 0.3 0.0
0.1 2.3 97.5 0.0 0.0 0.0 0.0
0.1 2.3 97.5 0.0 0.0 0.0 0.0
0.2 0.3 99.4 0.0 0.0 0.0 0.0
0.1 0.4 99.5 0.0 0.0 0.0 0.0
0.1 0.5 99.4 0.0 0.0 0.0 0.0
0.1 0.2 99.6 0.0 0.0 0.0 0.0
0.2 0.2 99.5 0.0 0.0 0.0 0.0
0.2 0.2 99.5 0.0 0.0 0.0 0.0
0.4 0.7 98.9 0.0 0.0 0.0 0.0
0.2 0.3 99.4 0.0 0.0 0.0 0.0
0.2 0.2 99.5 0.0 0.0 0.0 0.0
