0.2 0.8 99.0 0.0 0.0 0.0 0.0
0.1 0.5 99.4 0.0 0.0 0.0 0.0
0.1 1.0 98.3 0.0 0.0 0.6 0.0
0.2 0.9 98.2 0.0 0.0 0.7 0.0
0.3 1.4 98.0 0.0 0.0 0.3 0.0
0.2 1.1 98.1 0.0 0.0 0.6 0.0
0.2 1.1 97.9 0.0 0.0 0.8 0.0
0.3 1.1 98.0 0.0 0.0 0.6 0.0
0.3 0.8 98.2 0.0 0.0 0.6 0.0
0.4 1.4 97.2 0.0 0.0 1.0 0.0
0.1 1.0 98.4 0.0 0.0 0.5 0.0
0.2 1.1 98.1 0.0 0.0 0.6 0.0
0.2 0.9 98.4 0.0 0.0 0.4 0.0
0.2 1.2 98.3 0.0 0.0 0.3 0.0
0.3 0.8 98.0 0.0 0.0 0.8 0.0
0.1 0.9 98.4 0.0 0.0 0.6 0.0
0.3 1.4 97.5 0.0 0.0 0.7 0.0
0.2 0.9 98.2 0.0 0.0 0.7 0.0
0.2 1.4 98.0 0.0 0.0 0.3 0.0
0.1 0.9 98.5 0.0 0.0 0.5 0.0
0.2 1.1 98.1 0.0 0.0 0.6 0.0
0.4 1.1 98.1 0.0 0.0 0.4 0.0
0.2 1.2 97.8 0.0 0.0 0.8 0.0
0.2 1.1 97.9 0.0 0.0 0.8 0.0
0.1 0.8 98.6 0.0 0.0 0.5 0.0
0.2 1.1 97.8 0.0 0.0 1.0 0.0
0.2 1.0 98.3 0.0 0.0 0.5 0.0
0.2 0.9 98.4 0.0 0.0 0.5 0.0
0.1 0.7 98.4 0.0 0.0 0.8 0.0
0.3 1.2 97.4 0.0 0.0 1.0 0.0
0.1 1.0 97.8 0.0 0.0 1.0 0.0
0.2 1.0 97.9 0.0 0.0 0.9 0.0
0.2 1.0 98.2 0.0 0.0 0.6 0.0
0.3 1.5 97.2 0.0 0.0 0.9 0.0
0.2 1.0 97.8 0.0 0.0 0.9 0.0
0.2 1.0 97.9 0.0 0.0 0.8 0.0
0.1 0.8 98.6 0.0 0.0 0.5 0.0
0.2 1.0 98.3 0.0 0.0 0.5 0.0
0.1 1.0 98.3 0.0 0.0 0.6 0.0
0.2 1.1 98.0 0.0 0.0 0.7 0.0
0.2 1.0 98.4 0.0 0.0 0.3 0.0
0.2 1.1 97.6 0.0 0.0 1.1 0.0
0.3 0.8 97.9 0.0 0.0 1.0 0.0
0.2 1.0 98.2 0.0 0.0 0.5 0.0
0.1 0.9 98.6 0.0 0.0 0.4 0.0
0.1 1.0 98.3 0.0 0.0 0.6 0.0
0.2 0.9 98.0 0.0 0.0 0.9 0.0
0.2 1.0 98.4 0.0 0.0 0.4 0.0
0.1 0.8 98.8 0.0 0.0 0.3 0.0
0.1 0.9 98.8 0.0 0.0 0.2 0.0
0.2 1.4 97.7 0.0 0.0 0.7 0.0
0.1 0.7 98.9 0.0 0.0 0.3 0.0
0.1 0.4 99.4 0.0 0.0 0.0 0.0
0.2 0.4 99.4 0.0 0.0 0.0 0.0
0.2 0.4 99.4 0.0 0.0 0.0 0.0
0.3 0.5 99.1 0.0 0.0 0.0 0.0
0.2 0.3 99.5 0.0 0.0 0.0 0.0
0.1 0.3 99.6 0.0 0.0 0.0 0.0
0.1 0.3 99.6 0.0 0.0 0.0 0.0
0.3 0.6 99.1 0.0 0.0 0.0 0.0
