2.4 1.9 95.4 0.0 0.0 0.3 0.0
2.4 0.8 96.9 0.0 0.0 0.0 0.0
0.2 1.9 96.7 0.0 0.0 1.2 0.0
2.2 0.4 97.3 0.0 0.0 0.0 0.0
3.2 0.8 95.9 0.0 0.0 0.1 0.0
1.2 1.0 96.9 0.0 0.0 0.9 0.0
0.1 2.5 96.6 0.0 0.0 0.8 0.0
0.1 2.3 96.3 0.0 0.0 1.3 0.0
0.1 2.6 96.7 0.0 0.0 0.6 0.0
0.2 3.0 96.3 0.0 0.0 0.5 0.0
0.2 4.8 94.9 0.0 0.0 0.1 0.0
0.2 2.2 96.4 0.0 0.0 1.1 0.0
0.1 1.4 97.6 0.0 0.0 0.9 0.0
0.2 2.3 97.5 0.0 0.0 0.0 0.0
0.4 2.5 97.1 0.0 0.0 0.0 0.0
0.4 1.2 97.0 0.0 0.0 1.3 0.0
0.2 1.1 97.4 0.0 0.0 1.2 0.0
0.1 2.4 97.5 0.0 0.0 0.0 0.0
0.2 2.4 97.4 0.0 0.0 0.0 0.0
0.3 2.8 96.6 0.0 0.0 0.3 0.0
0.2 2.1 96.8 0.0 0.0 0.8 0.0
0.2 3.3 96.4 0.0 0.0 0.1 0.0
0.2 2.5 97.3 0.0 0.0 0.0 0.0
2.3 0.3 97.4 0.0 0.0 0.0 0.0
2.3 0.4 97.3 0.0 0.0 0.0 0.0
2.7 1.1 96.2 0.0 0.0 0.0 0.0
2.3 0.4 97.2 0.0 0.0 0.0 0.0
2.4 0.2 97.4 0.0 0.0 0.0 0.0
2.3 0.7 97.1 0.0 0.0 0.0 0.0
2.3 0.3 97.3 0.0 0.0 0.0 0.0
2.3 0.2 97.4 0.0 0.0 0.0 0.0
2.3 0.3 97.3 0.0 0.0 0.0 0.0
2.3 0.3 97.4 0.0 0.0 0.0 0.0
2.2 0.4 97.3 0.0 0.0 0.0 0.0
2.2 0.3 97.5 0.0 0.0 0.0 0.0
2.3 0.2 97.5 0.0 0.0 0.0 0.0
2.3 0.3 97.4 0.0 0.0 0.0 0.0
2.3 0.6 97.0 0.0 0.0 0.0 0.0
2.2 0.3 97.5 0.0 0.0 0.0 0.0
2.3 0.3 97.4 0.0 0.0 0.0 0.0
2.2 0.2 97.6 0.0 0.0 0.0 0.0
2.3 0.1 97.6 0.0 0.0 0.0 0.0
2.4 0.6 97.0 0.0 0.0 0.0 0.0
2.4 0.4 97.2 0.0 0.0 0.0 0.0
2.2 0.3 97.5 0.0 0.0 0.0 0.0
2.3 0.2 97.4 0.0 0.0 0.0 0.0
2.4 0.6 97.1 0.0 0.0 0.0 0.0
2.2 0.2 97.5 0.0 0.0 0.0 0.0
2.1 0.2 97.6 0.0 0.0 0.0 0.0
2.2 0.4 97.4 0.0 0.0 0.0 0.0
0.2 0.4 99.3 0.0 0.0 0.0 0.0
0.1 0.3 99.5 0.0 0.0 0.0 0.0
0.2 0.2 99.5 0.0 0.0 0.0 0.0
0.1 0.1 99.8 0.0 0.0 0.0 0.0
0.1 0.1 99.7 0.0 0.0 0.0 0.0
0.2 0.6 99.2 0.0 0.0 0.0 0.0
0.1 0.2 99.6 0.0 0.0 0.0 0.0
0.1 0.2 99.6 0.0 0.0 0.0 0.0
0.1 0.2 99.6 0.0 0.0 0.0 0.0
0.3 0.9 98.8 0.0 0.0 0.0 0.0
