0.2 0.7 99.1 0.0 0.0 0.0 0.0
0.2 0.5 99.3 0.0 0.0 0.0 0.0
0.2 1.7 97.9 0.0 0.0 0.2 0.0
0.3 2.9 96.3 0.0 0.0 0.5 0.0
0.2 3.6 95.8 0.0 0.0 0.4 0.0
0.2 3.7 95.8 0.0 0.0 0.3 0.0
0.1 3.4 95.9 0.0 0.0 0.6 0.0
0.6 3.5 95.0 0.0 0.0 0.9 0.0
0.3 2.7 95.9 0.0 0.0 1.1 0.0
1.7 1.9 95.2 0.0 0.0 1.1 0.0
0.2 1.7 96.9 0.0 0.0 1.2 0.0
0.2 3.8 95.9 0.0 0.0 0.1 0.0
0.2 3.0 96.2 0.0 0.0 0.6 0.0
0.2 1.9 96.8 0.0 0.0 1.1 0.0
0.5 2.9 95.9 0.0 0.0 0.7 0.0
0.3 2.2 97.1 0.0 0.0 0.3 0.0
0.2 2.4 97.3 0.0 0.0 0.1 0.0
0.1 2.3 97.4 0.0 0.0 0.2 0.0
0.3 2.5 97.1 0.0 0.0 0.1 0.0
0.3 2.3 96.7 0.0 0.0 0.6 0.0
0.6 2.0 96.8 0.0 0.0 0.6 0.0
0.2 0.9 97.3 0.0 0.0 1.6 0.0
0.2 2.5 97.3 0.0 0.0 0.0 0.0
0.3 2.5 97.2 0.0 0.0 0.0 0.0
0.2 2.6 96.7 0.0 0.0 0.5 0.0
0.3 2.3 97.1 0.0 0.0 0.3 0.0
0.1 2.3 97.3 0.0 0.0 0.3 0.0
0.3 2.4 97.2 0.0 0.0 0.0 0.0
0.3 2.4 97.2 0.0 0.0 0.0 0.0
0.2 2.5 97.3 0.0 0.0 0.0 0.0
0.2 2.5 97.3 0.0 0.0 0.0 0.0
0.2 2.5 97.2 0.0 0.0 0.1 0.0
2.8 3.6 93.4 0.0 0.0 0.1 0.0
0.2 4.2 95.3 0.0 0.0 0.3 0.0
0.4 2.2 97.0 0.0 0.0 0.3 0.0
0.3 1.5 97.3 0.0 0.0 0.9 0.0
0.2 2.2 97.4 0.0 0.0 0.2 0.0
0.3 4.0 95.4 0.0 0.0 0.3 0.0
0.3 2.3 97.3 0.0 0.0 0.1 0.0
0.2 3.4 96.0 0.0 0.0 0.3 0.0
0.2 2.5 96.6 0.0 0.0 0.6 0.0
0.2 1.5 97.3 0.0 0.0 1.0 0.0
0.2 2.3 97.5 0.0 0.0 0.0 0.0
0.2 2.2 97.4 0.0 0.0 0.1 0.0
0.2 2.0 97.4 0.0 0.0 0.3 0.0
0.4 1.8 97.5 0.0 0.0 0.4 0.0
0.1 0.8 97.5 0.0 0.0 1.5 0.0
0.4 1.9 97.3 0.0 0.0 0.5 0.0
0.2 2.7 97.1 0.0 0.0 0.0 0.0
0.2 3.4 95.8 0.0 0.0 0.7 0.0
0.1 2.9 96.5 0.0 0.0 0.6 0.0
0.3 1.6 97.3 0.0 0.0 0.8 0.0
0.1 0.5 99.4 0.0 0.0 0.0 0.0
0.2 0.4 99.4 0.0 0.0 0.0 0.0
0.1 0.2 99.7 0.0 0.0 0.0 0.0
0.1 0.2 99.7 0.0 0.0 0.0 0.0
0.1 0.2 99.7 0.0 0.0 0.0 0.0
0.1 0.4 99.5 0.0 0.0 0.0 0.0
0.2 0.3 99.4 0.0 0.0 0.0 0.0
0.1 0.2 99.7 0.0 0.0 0.0 0.0
