1.4 0.8 97.8 0.0 0.0 0.0 0.0
0.4 1.1 97.5 0.0 0.0 1.1 0.0
0.3 1.0 97.8 0.0 0.0 1.0 0.0
0.4 1.1 97.5 0.0 0.0 1.0 0.0
0.5 1.1 97.4 0.0 0.0 1.0 0.0
0.8 1.3 96.8 0.0 0.0 1.2 0.0
0.4 1.4 97.0 0.0 0.0 1.2 0.0
0.4 1.1 97.5 0.0 0.0 1.0 0.0
0.4 1.3 97.3 0.0 0.0 1.0 0.0
0.6 1.6 96.9 0.0 0.0 1.0 0.0
0.5 1.1 97.3 0.0 0.0 1.1 0.0
0.4 1.1 97.5 0.0 0.0 1.0 0.0
1.0 1.7 95.9 0.0 0.0 1.4 0.0
0.3 1.2 97.7 0.0 0.0 0.9 0.0
0.3 1.0 97.6 0.0 0.0 1.1 0.0
0.4 1.0 97.5 0.0 0.0 1.0 0.0
0.3 1.1 97.7 0.0 0.0 0.9 0.0
0.5 1.3 97.4 0.0 0.0 0.9 0.0
0.4 1.3 97.3 0.0 0.0 1.0 0.0
0.3 0.9 97.6 0.0 0.0 1.2 0.0
0.4 0.9 97.8 0.0 0.0 0.9 0.0
0.3 1.0 97.5 0.0 0.0 1.2 0.0
0.5 1.4 97.1 0.0 0.0 1.0 0.0
0.4 1.0 97.7 0.0 0.0 0.9 0.0
0.6 1.0 97.4 0.0 0.0 1.0 0.0
0.4 1.2 97.4 0.0 0.0 1.0 0.0
0.5 1.1 97.1 0.0 0.0 1.3 0.0
1.2 1.2 96.4 0.0 0.0 1.1 0.0
0.5 1.1 97.3 0.0 0.0 1.1 0.0
0.2 1.2 97.5 0.0 0.0 1.0 0.0
0.6 1.1 97.2 0.0 0.0 1.0 0.0
0.5 1.1 97.3 0.0 0.0 1.1 0.0
0.4 1.2 97.6 0.0 0.0 0.8 0.0
0.5 1.0 97.5 0.0 0.0 1.0 0.0
0.4 1.3 97.3 0.0 0.0 1.0 0.0
0.4 1.3 97.3 0.0 0.0 1.0 0.0
0.4 1.0 97.6 0.0 0.0 1.0 0.0
0.4 1.3 97.3 0.0 0.0 1.0 0.0
0.4 1.1 97.5 0.0 0.0 1.0 0.0
0.4 1.0 97.6 0.0 0.0 1.0 0.0
0.5 1.1 97.3 0.0 0.0 1.0 0.0
0.4 1.2 97.6 0.0 0.0 0.9 0.0
0.5 1.4 97.0 0.0 0.0 1.1 0.0
0.4 1.0 97.5 0.0 0.0 1.1 0.0
0.4 1.0 97.4 0.0 0.0 1.1 0.0
1.0 1.8 96.1 0.0 0.0 1.0 0.0
0.4 1.1 97.9 0.0 0.0 0.6 0.0
0.4 1.0 97.4 0.0 0.0 1.2 0.0
0.3 1.4 97.5 0.0 0.0 0.9 0.0
0.5 1.1 97.4 0.0 0.0 0.9 0.0
0.5 0.8 98.7 0.0 0.0 0.0 0.0
0.4 0.6 99.0 0.0 0.0 0.0 0.0
2.2 0.5 97.3 0.0 0.0 0.0 0.0
0.5 0.6 98.9 0.0 0.0 0.0 0.0
0.5 0.4 99.1 0.0 0.0 0.0 0.0
0.4 0.5 99.1 0.0 0.0 0.0 0.0
0.5 0.5 99.0 0.0 0.0 0.0 0.0
0.4 0.5 99.2 0.0 0.0 0.0 0.0
0.6 0.6 98.8 0.0 0.0 0.0 0.0
0.5 0.5 99.0 0.0 0.0 0.0 0.0
